100 100 C3
54307 92083 18698 4264 39961 47891 59589 98246 29133 53616 58235 2318 37168 19053 832 39090 35551 16034 29374 78624 51591 70335 96602 93946 80568 4080 83585 67066 58576 99519 81156 29234 91601 99853 49850 31562 64095 25790 46159 93227 79405 4394 11896 16572 39798 12728 55662 91700 45113 1387 70324 96703 71722 66925 7000 68641 87357 6936 35706 62284 6454 33213 7869 98055 33065 57718 45968 13511 99859 92126 23089 79264 96519 34985 12187 52668 64064 84200 44368 9176 85587 14691 22230 73660 97967 45581 58652 85323 52516 94358 63958 75321 27570 71827 73375 76987 45896 19342 90497 45755 
76 14
24 83
68 64
51 95
61 71
64 37
60 30
56 25
63 83
38 83
25 73
35 100
94 66
57 83
5 29
91 83
79 83
78 54
80 15
92 6
46 83
29 96
6 13
34 93
71 83
70 83
66 80
88 83
41 57
95 83
31 4
50 83
77 83
97 44
14 60
18 26
73 5
32 67
48 83
26 92
15 40
58 35
53 18
19 39
4 32
30 93
44 83
75 25
45 83
87 83
96 100
3 1
28 32
100 17
65 83
20 25
13 76
22 83
12 53
90 83
69 42
7 54
10 83
72 22
62 83
82 41
21 98
59 8
54 83
74 32
39 83
93 66
85 25
67 12
16 83
9 83
99 83
27 37
23 5
36 31
47 83
81 64
1 83
86 53
89 83
84 7
43 83
49 41
42 83
40 20
55 60
2 45
98 83
37 4
17 7
11 12
33 91
52 50
8 83
20 0 38 0
22 1 56 0
56 0 25 0
15 1 93 1
25 0 56 0
12 0 35 0
73 1 39 0
93 0 51 0
89 0 31 1
67 0 76 0
21 1 36 0
68 0 50 1
41 1 97 0
83 0 82 0
20 0 74 0
25 1 37 1
20 0 46 0
73 0 83 0
18 1 93 0
95 0 2 0
51 1 3 0
36 0 33 0
7 0 71 0
59 0 96 0
93 1 12 0
94 0 35 0
27 1 28 0
81 0 62 0
16 0 98 0
31 1 59 0
71 1 87 0
65 0 68 0
33 0 25 0
87 1 92 1
65 0 2 0
84 0 66 1
69 0 51 1
91 1 37 0
76 0 31 1
99 0 64 0
88 0 36 0
79 0 97 0
50 1 13 0
30 0 91 0
93 0 44 1
33 0 32 0
15 1 29 0
92 0 21 0
56 0 22 1
18 0 23 1
87 1 50 0
92 1 87 0
82 0 91 0
75 1 15 1
95 0 71 1
91 0 99 0
72 0 78 0
1 0 68 0
17 1 59 0
97 0 69 1
12 0 64 0
30 1 17 0
39 0 78 0
76 0 32 0
9 1 66 0
33 0 96 0
6 0 2 0
71 0 6 1
21 0 24 0
26 0 31 1
64 0 96 0
94 0 80 0
81 0 39 1
41 0 54 0
11 0 72 0
48 0 62 1
5 1 10 1
98 0 84 0
30 1 17 0
50 0 91 0
81 1 77 0
82 1 11 0
83 0 78 0
91 0 59 0
69 0 41 0
76 1 42 1
59 0 36 1
78 0 29 0
5 0 13 0
75 1 65 0
43 1 5 0
63 0 10 0
48 1 29 0
86 0 54 0
13 0 1 0
10 0 14 0
100 1 45 1
53 0 99 1
83 0 48 0
30 0 5 0
