100 100 A3
62685 34257 76362 20547 43625 92130 61629 6177 85647 72240 19488 73673 71692 45155 87385 44104 31348 71605 64393 30044 58783 2589 21100 35232 86639 41747 86126 18091 47306 77081 39761 9991 27689 32474 46889 87665 40956 24870 93842 26602 97109 13329 16626 68800 58483 20362 12903 6182 8318 93648 36226 67100 96236 57325 18684 99227 15423 4809 33669 62729 98242 73429 89071 25930 22254 35959 29947 63209 60828 23788 6162 74289 53468 39139 43088 28303 59501 72343 34484 67818 65990 87061 51270 78577 60737 69953 94155 76160 91113 27823 55240 5706 17603 44310 31636 39857 96620 77934 19417 73800 
1 2
2 3
3 4
4 5
5 6
6 7
7 8
8 9
9 10
10 11
11 12
12 13
13 14
14 15
15 16
16 17
17 18
18 19
19 20
20 21
21 22
22 23
23 24
24 25
25 26
26 27
27 28
28 29
29 30
30 31
31 32
32 33
33 34
34 35
35 36
36 37
37 38
38 39
39 40
40 41
41 42
42 43
43 44
44 45
45 46
46 47
47 48
48 49
49 50
50 51
51 52
52 53
53 54
54 55
55 56
56 57
57 58
58 59
59 60
60 61
61 62
62 63
63 64
64 65
65 66
66 67
67 68
68 69
69 70
70 71
71 72
72 73
73 74
74 75
75 76
76 77
77 78
78 79
79 80
80 81
81 82
82 83
83 84
84 85
85 86
86 87
87 88
88 89
89 90
90 91
91 92
92 93
93 94
94 95
95 96
96 97
97 98
98 99
99 100
21 0 31 0
69 1 27 0
69 0 78 0
38 0 60 0
64 0 93 0
68 0 77 0
38 1 69 0
2 0 95 0
77 1 47 1
74 0 7 0
84 1 56 0
15 0 46 0
38 1 84 1
12 1 38 0
6 0 4 0
50 0 65 0
64 1 49 0
55 0 88 0
43 1 89 0
86 0 61 0
96 0 42 0
80 1 6 0
10 0 65 0
30 1 31 1
79 1 59 1
46 0 66 0
7 0 88 0
100 0 85 0
26 1 47 0
52 1 14 0
78 0 41 0
71 0 12 0
70 0 87 0
53 0 60 0
99 0 57 0
41 0 21 0
67 0 2 0
15 0 68 0
8 0 58 0
69 0 5 0
44 0 65 0
76 0 65 0
21 1 11 0
83 1 18 0
19 1 4 0
71 0 53 1
62 0 31 0
87 0 38 0
2 1 26 1
90 0 86 0
97 0 76 0
94 0 3 0
7 1 2 1
6 0 29 0
59 1 18 0
55 1 66 0
43 0 55 1
41 1 39 1
66 0 18 0
72 0 2 0
3 0 75 0
55 1 69 0
86 0 73 1
90 0 39 0
46 0 85 0
75 0 11 0
28 0 48 0
50 0 77 1
3 1 39 0
7 0 41 1
66 0 81 0
72 1 35 0
71 1 5 0
16 0 83 1
30 0 39 0
15 1 75 0
13 0 2 1
94 0 45 0
77 0 2 0
37 0 56 0
12 0 21 0
3 1 40 0
30 0 67 0
93 0 53 0
54 0 88 1
84 0 95 0
97 1 75 0
82 0 75 0
96 0 42 0
33 0 97 0
64 0 49 1
1 0 20 1
59 0 93 0
88 0 63 0
90 0 13 0
39 0 58 0
100 0 92 0
88 0 17 0
17 0 54 0
26 0 75 0
