1000 999
936 864
357 936
913 357
800 913
346 800
698 346
925 698
33 925
165 33
299 165
930 299
684 930
554 684
619 554
142 619
568 142
644 568
515 644
104 515
278 104
518 278
900 518
436 900
533 436
1 533
713 1
432 713
192 432
221 192
401 221
894 401
456 894
293 456
396 293
747 396
536 747
817 536
374 817
754 374
113 754
534 113
969 534
744 969
749 744
360 749
669 360
585 669
923 585
612 923
818 612
610 818
918 610
523 918
597 523
732 597
385 732
609 385
854 609
202 854
55 202
452 55
689 452
814 689
86 814
629 86
332 629
498 332
184 498
819 184
848 819
595 848
264 595
137 264
324 137
179 324
79 179
767 79
809 767
6 809
599 6
56 599
927 56
140 927
448 140
648 448
676 648
371 676
791 371
30 791
576 30
785 576
924 785
419 924
214 419
341 214
46 341
54 46
85 54
602 85
512 602
349 512
115 349
990 115
846 990
286 846
787 286
655 787
504 655
786 504
420 786
917 420
649 917
627 649
877 627
495 877
999 495
189 999
821 189
417 821
138 417
379 138
778 379
103 778
964 103
887 964
816 887
858 816
50 858
173 50
621 173
734 621
427 734
538 427
716 538
729 716
653 729
134 653
773 134
966 773
423 966
567 423
147 567
761 147
170 761
727 170
71 727
958 71
241 958
212 241
975 212
750 975
868 750
82 868
369 82
737 369
843 737
1000 843
532 1000
616 532
513 616
476 513
849 476
794 849
414 794
282 414
995 282
497 995
467 497
31 467
233 31
118 233
574 118
527 574
618 527
431 618
377 431
521 377
584 521
646 584
284 646
412 284
422 412
840 422
210 840
36 210
620 36
891 620
205 891
851 205
400 851
234 400
631 234
395 631
645 395
641 645
154 641
333 154
163 333
841 163
764 841
359 764
126 359
836 126
139 836
397 139
802 397
860 802
424 860
98 424
572 98
898 572
524 898
127 524
121 127
292 121
638 292
469 638
987 469
365 987
874 365
416 874
542 416
668 542
468 668
219 468
372 219
53 372
566 53
407 566
145 407
944 145
759 944
318 759
659 318
847 659
596 847
828 596
320 828
963 320
970 963
728 970
73 728
867 73
928 867
883 928
801 883
378 801
108 378
443 108
838 443
683 838
777 683
824 777
647 824
953 647
549 953
717 549
44 717
699 44
981 699
643 981
59 643
247 59
954 247
238 954
658 238
24 658
240 24
949 240
916 949
459 916
18 459
878 18
252 878
41 252
601 41
188 601
399 188
435 399
695 435
14 695
718 14
447 718
262 447
19 262
972 19
978 972
577 978
501 577
935 501
406 935
269 406
381 269
348 381
525 348
295 525
706 295
967 706
344 967
92 344
593 92
522 593
934 522
499 934
973 499
453 973
65 453
881 65
604 881
102 604
297 102
329 297
306 329
539 306
960 539
463 960
720 463
298 720
7 298
579 7
856 579
148 856
51 148
438 51
666 438
291 666
564 291
673 564
28 673
8 28
458 8
912 458
222 912
686 222
166 686
157 166
955 157
227 955
3 227
304 3
852 304
316 852
723 316
345 723
474 345
903 474
514 903
217 514
342 217
66 342
182 66
201 182
988 201
845 988
77 845
273 77
561 273
388 561
671 388
175 671
354 175
169 354
446 169
772 446
880 772
190 880
721 190
107 721
850 107
748 850
280 748
254 280
356 254
226 356
259 226
991 259
904 991
582 904
267 582
161 267
215 161
788 215
366 788
99 366
674 99
517 674
884 517
505 884
573 505
23 573
231 23
899 231
624 899
736 624
526 736
404 526
228 404
32 228
834 32
822 834
257 822
114 257
607 114
42 607
465 42
931 465
825 931
483 825
992 483
510 992
565 510
307 565
296 307
901 296
735 901
790 735
203 790
308 203
47 308
321 47
200 321
106 200
608 106
682 608
470 682
687 470
251 687
48 251
455 48
876 455
70 876
771 70
829 771
290 829
317 290
605 317
482 605
662 482
625 662
390 625
714 390
943 714
340 943
947 340
91 947
853 91
862 853
637 862
276 637
220 276
477 220
694 477
174 694
211 174
633 211
425 633
707 425
702 707
4 702
950 4
693 950
155 693
411 155
368 411
807 368
691 807
300 691
319 300
540 319
57 540
661 57
888 661
405 888
246 405
971 246
172 971
382 172
398 382
194 398
5 194
907 5
76 907
242 76
426 242
902 426
96 902
739 96
26 739
719 26
756 719
428 756
117 428
336 117
128 336
589 128
733 589
480 733
586 480
315 586
339 315
123 339
496 123
22 496
832 22
159 832
541 159
94 541
110 94
310 110
820 310
557 820
587 557
224 587
833 224
81 833
277 81
58 277
180 58
283 180
543 283
812 543
617 812
473 617
484 473
783 484
185 783
149 185
976 149
352 976
758 352
755 758
908 755
865 908
922 865
639 922
494 639
272 494
857 272
93 857
380 93
493 380
152 493
146 152
531 146
275 531
725 275
331 725
25 331
885 25
449 885
253 449
177 253
445 177
323 445
634 323
235 634
351 235
704 351
260 704
606 260
27 606
548 27
236 548
665 236
302 665
920 302
652 920
784 652
763 784
855 763
839 855
289 839
937 289
753 937
598 753
998 598
124 998
679 124
946 679
552 946
642 552
529 642
294 529
811 294
450 811
34 450
109 34
334 109
965 334
915 965
939 915
376 939
563 376
909 563
466 909
911 466
775 911
256 775
830 256
933 830
741 933
305 741
88 305
583 88
688 583
375 688
195 375
511 195
615 511
421 615
325 421
766 325
129 766
151 129
983 151
730 983
826 730
657 826
164 657
782 164
675 782
546 675
83 546
97 83
740 97
910 740
132 910
623 132
556 623
261 556
980 261
897 980
670 897
225 670
827 225
337 827
959 337
312 959
64 312
677 64
594 677
338 594
434 338
892 434
795 892
486 795
611 486
347 611
279 347
370 279
136 370
429 136
451 429
558 451
866 558
213 866
52 213
485 52
555 485
956 555
462 956
181 462
439 181
105 439
393 105
796 393
997 796
805 997
408 805
244 408
508 244
373 508
223 373
815 223
962 815
968 962
191 968
249 191
112 249
270 112
509 270
977 509
863 977
409 863
216 409
186 216
591 186
464 591
11 464
183 11
229 183
74 229
392 74
537 392
570 537
875 570
600 875
535 600
364 535
75 364
635 75
491 635
61 491
886 61
475 886
709 475
831 709
119 831
948 119
403 948
906 403
17 906
402 17
752 402
158 752
363 158
193 363
757 193
731 757
994 731
209 994
762 209
622 762
37 622
650 37
640 650
789 640
218 789
471 218
29 471
197 29
742 197
35 742
951 35
84 951
15 84
362 15
413 362
39 413
859 39
87 859
765 87
889 765
890 889
322 890
660 322
21 660
472 21
550 472
974 550
208 974
705 208
979 705
581 979
961 581
932 961
111 932
503 111
418 503
745 418
654 745
588 654
685 588
492 685
873 492
823 873
893 823
559 893
724 559
268 724
835 268
68 835
62 68
544 62
437 544
781 437
327 781
355 327
156 355
569 156
204 569
391 204
487 391
9 487
130 9
490 130
72 490
387 72
520 387
460 520
590 460
726 590
651 726
100 651
708 100
808 708
335 808
122 335
667 122
176 667
613 176
945 613
301 945
636 301
793 636
10 793
343 10
281 343
957 281
488 957
444 488
842 444
696 842
206 696
288 206
895 288
984 895
266 984
792 266
506 792
879 506
125 879
162 125
712 162
479 712
592 479
16 592
799 16
314 799
678 314
738 678
67 738
101 67
553 101
410 553
672 410
985 672
715 985
870 715
580 870
389 580
914 389
167 914
150 167
751 150
313 751
989 313
454 989
663 454
502 663
769 502
353 769
461 353
507 461
478 507
700 478
135 700
871 135
489 871
614 489
433 614
141 433
303 141
120 303
250 120
798 250
361 798
519 361
803 519
746 803
481 746
632 481
171 632
703 171
441 703
516 441
258 516
982 258
457 982
882 457
921 882
13 921
415 13
133 415
358 133
837 358
187 837
230 187
986 230
603 986
207 603
760 207
806 760
697 806
692 697
383 692
929 383
90 929
60 90
89 60
440 89
248 440
178 248
701 178
779 701
49 779
287 49
442 287
40 442
940 40
711 940
12 711
774 12
578 774
243 578
804 243
768 804
551 768
810 551
743 810
384 743
681 384
78 681
630 78
265 630
560 265
350 560
952 350
562 952
63 562
941 63
926 941
861 926
271 861
311 271
770 311
528 770
500 528
199 500
690 199
571 690
168 571
905 168
274 905
626 274
780 626
919 780
45 919
545 45
330 545
628 330
80 628
722 80
367 722
263 367
237 263
656 237
160 656
813 160
680 813
664 680
95 664
198 95
776 198
797 776
144 797
942 144
938 942
196 938
309 196
153 309
993 153
530 993
245 530
547 245
430 547
43 430
285 43
131 285
232 131
2 232
143 2
394 143
239 394
872 239
38 872
20 38
116 20
386 116
844 386
996 844
869 996
69 869
326 69
896 326
255 896
328 255
575 328
710 575
