5000 4999
459 3886
4653 3886
753 4653
682 753
1496 753
550 1496
639 682
3204 4653
417 753
4939 3204
4897 3886
3763 459
4129 682
3958 4129
2010 4939
2036 3958
2673 2036
2252 459
4165 2252
3420 682
447 3886
625 3420
4497 625
4559 3886
3400 459
2226 4497
4483 4559
3012 4653
1226 2226
117 4483
2503 4653
1468 1226
2364 117
121 753
656 117
2383 2503
2347 3886
2360 753
2051 2360
3678 4653
3143 4653
5 4653
554 3886
2813 682
2130 554
1835 753
1692 4653
3990 682
1746 753
4967 1692
615 4653
4239 1692
2519 459
1299 4967
1566 753
426 615
4904 753
1442 1566
1015 1566
294 753
3953 753
4918 3953
1255 1442
3402 1015
1260 294
4834 1260
2285 4653
2599 682
4987 459
3638 459
469 4987
180 459
22 469
4549 22
162 4653
4098 4549
3707 162
2443 4549
4338 4549
4391 4338
3827 459
3016 3886
3604 753
3436 3016
3897 3436
1825 4653
1095 3436
2707 3897
2898 1825
50 4653
2227 4653
362 2898
2078 2898
4915 4653
479 682
1606 2227
99 362
4473 4915
3936 3886
321 459
4435 753
2461 4473
4793 682
2727 682
67 2727
3654 2727
1486 2727
4275 2727
1795 3886
4314 3654
2270 1795
445 1486
4332 3886
775 3886
1876 2270
1084 4653
2319 1876
4891 1084
429 4891
1050 1876
4812 682
1064 2319
1813 1050
3618 1064
802 4653
920 3618
814 459
2726 459
4782 459
3184 682
1915 4782
545 4653
2475 1915
2672 545
1063 459
4411 545
2873 3886
4432 2672
4499 4653
3438 682
1782 4411
2644 3886
4854 682
3429 4499
2315 2644
4959 3429
2703 4959
696 4854
4198 2315
4010 4198
2605 4653
1593 2703
2557 3886
4847 4198
2124 4847
2882 2605
4267 2882
98 2882
1529 753
4508 98
4843 98
681 3886
3491 682
4926 3491
4630 3491
853 3886
3916 4630
3950 3886
2610 4926
2640 459
3005 3950
323 3005
2552 3005
2981 323
2316 3886
1033 2981
750 2552
2312 753
89 1033
2065 750
2074 682
1519 753
2242 2074
3759 753
3626 2065
3134 682
1745 459
4163 3886
3906 4163
1227 3906
2388 682
4595 1227
3724 682
3584 3724
1244 3584
1047 4595
4495 682
3256 3584
2015 682
738 4653
2022 738
3434 4495
4257 2015
1863 753
4809 4653
2394 753
4565 4809
3552 4257
3200 4809
2489 3200
4781 2489
725 459
684 3552
1688 725
3260 684
2530 3886
2524 725
4749 3260
1770 753
3525 753
2767 1770
2112 4749
2482 3525
4835 2482
4555 3886
1573 4653
4960 459
3086 2482
3710 459
109 3886
1148 1573
470 753
1341 4653
712 753
2939 1148
4703 1148
370 470
2606 712
2517 712
782 459
610 459
330 682
407 610
411 2517
413 782
731 610
3764 459
2941 753
1044 3886
2934 4653
1947 459
742 459
3921 753
3047 742
661 3886
2249 661
2639 742
776 3886
3984 753
1581 4653
2956 1581
4845 2639
1197 459
2566 4653
4717 2566
2505 2956
1369 1197
1859 4653
3627 753
3472 3627
2819 2505
1775 682
4252 753
1822 459
1127 459
4747 682
3286 1775
3740 1822
2147 459
3279 2147
2305 3286
1884 3740
2212 4653
2016 753
4856 1884
3660 753
560 459
473 3660
4548 560
178 682
456 178
3721 178
4105 3721
416 4105
2555 3721
2294 3721
2738 4105
752 4653
2456 2555
1217 753
2714 4653
1893 753
2743 753
1901 3886
2798 4653
4769 459
722 4653
1239 2798
3605 1901
1960 3605
339 459
4789 722
4172 1960
4273 339
4104 4273
976 753
512 459
3571 976
2789 4104
1679 4104
907 976
4724 3571
4756 1679
1449 4724
4990 4756
427 907
1116 1449
1511 753
369 459
945 459
3403 369
4702 682
1151 4702
2167 369
906 459
857 3886
33 753
3965 857
3680 4653
4735 857
221 3680
4404 3680
4754 3680
2859 459
2007 682
674 2859
679 2007
2591 4754
3367 679
2447 753
2449 459
3028 4653
4410 2591
2751 2447
3459 2449
4680 4410
2529 3459
2210 459
2851 753
1327 753
3812 2851
3800 1327
2827 3886
4421 2827
1405 753
2275 4653
2348 4421
3257 4421
3428 753
2313 3428
4950 2313
4557 2348
1694 4653
4337 4950
4336 682
1626 682
1294 4557
3502 753
585 3502
3935 682
384 682
4997 753
4017 4997
1096 3886
3945 1096
4633 3886
2909 4997
557 4017
2702 2909
177 557
3075 4653
1635 177
3782 1635
3078 3782
532 682
2327 682
1724 3078
2121 682
4551 2121
4201 1724
2033 4551
729 459
3801 682
821 4653
1645 3801
2141 3886
779 1645
524 682
475 4653
2708 459
1157 459
1843 475
2336 459
994 4653
4773 1843
2658 2336
1302 2658
1892 1302
3880 1892
29 682
316 3886
2276 1302
3372 753
1858 3880
4378 4653
4820 682
2135 4653
3670 3886
436 459
17 2135
1812 17
3220 3886
2151 682
2992 17
3314 2992
4027 3314
192 4027
4185 753
1628 4653
380 4027
780 3886
4698 192
2358 4698
91 3886
4264 91
1906 780
1916 753
2257 4653
4351 4264
3548 459
276 3548
3516 3548
21 3886
4237 3516
3309 753
643 682
4683 459
1466 753
3860 459
1991 4653
471 753
582 1466
4381 459
230 1991
754 1991
18 682
364 682
3435 4653
1641 459
874 3886
172 18
1319 3435
1630 753
2931 874
188 753
2481 1630
2584 4653
2965 188
1506 682
4765 4653
1856 2584
4620 753
997 753
4402 682
4948 753
2698 4620
3156 4620
3006 682
1686 3156
3937 459
3667 3886
3492 3667
2047 753
46 3886
2202 459
641 3886
4417 641
1474 2047
1481 4417
2368 2202
1138 3886
1852 1138
2087 1481
1585 1138
2790 459
3045 1852
3843 682
2119 459
662 2119
1345 753
4220 753
1532 3886
1559 682
2255 753
1286 4653
961 1532
836 4653
946 4653
4519 4653
4476 753
126 753
2031 4653
3175 753
4690 4476
4297 2031
3277 4690
4080 2031
4700 459
1065 3886
1972 459
1716 4700
4668 3886
1371 1065
4356 4668
4636 4668
2371 4356
3444 4356
2413 459
3410 753
3924 4636
1000 682
3096 682
803 3096
3859 803
3966 3859
2296 4653
2847 753
1564 803
197 4653
733 682
3179 459
4384 733
3691 4384
899 197
2061 899
2806 899
2660 4384
3473 2660
3098 753
326 682
3300 2806
4813 753
1117 4653
3749 753
1031 326
245 3886
724 682
1755 1117
4177 245
144 724
4439 4177
3392 4177
4000 4177
2117 459
2894 2117
158 459
1362 158
224 1362
3505 224
3915 2894
2634 753
3727 224
4880 3886
979 459
710 4653
1800 4880
487 459
2221 979
2895 487
758 682
3811 4653
1540 487
3379 4653
996 758
3177 4653
3455 753
3635 3177
1969 996
1039 3455
4521 3635
1774 1969
3546 1774
1290 1774
3007 459
778 3886
1247 1290
2817 4653
1358 753
83 459
248 4653
100 248
580 682
648 83
2029 459
4431 753
1101 4653
3785 580
4358 3886
1005 4431
940 1101
465 753
138 3886
2785 3886
1831 940
2609 465
4738 138
3140 1831
2075 1831
4251 459
3980 3140
2792 4251
3538 3886
2081 2075
2091 3886
4576 3980
2693 2091
3545 4576
4794 4576
1681 2091
2048 4653
1498 2048
2338 2048
4453 682
1846 4453
2211 3886
2326 4453
4174 459
1179 3886
1612 4653
4889 1179
3679 4174
4719 1179
4283 753
2173 1612
540 3886
2118 4719
2701 4719
781 459
1404 3886
166 2118
4447 459
914 4447
1434 781
2062 682
909 4447
3699 1434
1237 4653
331 682
4899 3886
2396 3886
4141 331
3399 682
1422 331
559 4653
2608 682
1199 3886
1010 1422
2300 1010
1053 753
4287 1199
4156 1053
3518 4287
4875 3886
816 459
1495 3886
4212 682
37 816
1021 4653
4676 459
2494 4653
2100 4676
3380 753
4415 4676
4484 459
2663 4484
2139 753
4204 4653
2622 4653
3993 459
1507 3993
2983 3993
4945 4204
3938 4945
3312 3993
3206 1507
1361 682
1126 3938
2455 459
4050 2455
4995 1361
1706 459
4857 1126
4042 3886
2223 4042
948 459
2563 3886
2492 753
2194 2223
231 2563
1607 2492
4713 1607
2845 1607
30 3886
2775 682
4934 1607
4449 2845
3581 459
3102 2775
3353 3102
4962 4653
2601 3353
398 4962
941 3886
1439 3353
4900 459
516 682
4197 682
133 1439
79 516
4758 133
2919 682
3398 4197
3266 2919
4018 753
939 753
2266 939
3558 459
1176 3886
1998 3886
1285 682
1742 4653
4241 1285
1004 753
2153 459
2102 1285
2655 1004
986 2655
1190 2153
4502 986
968 3886
4481 4502
1956 3886
2868 968
3564 3886
3053 968
1153 753
3820 3564
389 1153
2182 3886
215 2182
3923 389
611 753
3038 389
1086 459
3791 611
3386 3923
1713 1086
1837 459
2896 1086
3823 4653
2759 3386
3632 3886
3001 3823
101 753
1785 101
2291 682
523 1785
4195 1785
2471 4653
143 4653
916 143
3687 916
935 4653
4658 3687
597 682
4682 3886
3511 753
4428 682
2876 597
4300 3886
1618 3511
2711 2876
1826 2876
1609 2711
973 3886
1568 682
496 2711
3878 459
2110 3886
3547 4653
2843 3547
3929 496
2454 3886
980 3929
628 3929
1707 753
4180 980
4168 2454
3695 753
755 4180
397 1707
4570 397
2289 3695
4776 397
3051 4653
155 397
4623 3886
4248 3886
4045 753
4831 459
4836 682
3988 459
3298 753
4132 753
2697 4836
3501 3298
7 2697
1571 753
4375 3501
1308 3501
3465 1571
2643 4375
764 4375
1887 764
2084 3886
4126 459
1658 753
1999 682
3228 4126
1240 3228
149 1240
995 3886
4468 3886
3609 4468
2104 4653
317 2104
4352 3886
4310 2104
3236 4653
574 753
2699 3236
1203 459
1929 2699
2595 2699
2501 3886
3758 459
2444 3758
3031 4653
2497 2501
3611 459
616 3886
964 2497
2027 3611
1049 616
1406 459
2399 1049
690 2399
1772 2399
3824 459
3619 4653
1385 682
3365 3886
541 3824
3982 459
3084 753
852 3886
1242 4653
66 459
4270 3886
1008 459
538 1242
1705 459
3336 4270
3268 682
2073 3886
983 753
2088 3336
128 2073
151 2073
4249 983
1441 682
1592 4653
2339 1441
4874 459
4389 753
2134 4653
1709 2339
53 4653
2855 682
4902 4389
3656 682
4916 459
4106 3886
3840 3656
2279 682
3788 4106
3203 2279
2393 3203
399 3788
3454 3788
3970 682
569 3203
2109 4653
2799 3970
650 3886
4833 459
3366 2109
3478 2799
2351 3366
3117 682
2863 3366
1003 459
4412 3886
2404 459
530 1003
3415 2404
3696 3886
3239 753
3070 4653
3715 753
4532 3886
4405 753
2649 3239
4262 459
2387 3886
4800 3886
2832 753
234 2387
3899 753
47 682
4199 2832
2197 47
3357 3886
4679 3357
4815 3357
4489 4199
3794 682
3713 3886
4390 4679
1042 4489
327 3794
489 3886
1690 3886
3523 682
3474 1042
25 3886
13 459
3976 3474
2080 682
1844 3976
4774 682
678 4774
1830 3976
4232 682
680 1844
4119 680
3864 459
2774 4119
2816 3864
2866 753
3991 753
2615 2866
4353 682
1381 2816
1512 2615
2788 1512
247 4653
1306 3886
2740 1306
4752 753
2778 753
2006 2778
1330 2778
1393 682
267 4752
4501 267
1854 4501
4723 1393
3931 4653
2395 753
3895 3886
2416 3886
646 3931
3265 459
4611 646
4155 2416
4821 4155
3014 459
2590 3014
2594 3886
866 2594
2668 3014
1124 682
160 459
2756 160
4341 1124
2682 160
1174 2756
2515 682
2410 682
1351 1174
1118 1351
1189 3886
3786 1189
254 3786
1323 753
4409 753
227 254
602 682
2137 3886
3504 227
2123 4409
4128 682
2491 3886
1256 2137
1638 682
2535 459
3202 3886
2680 682
259 459
493 4653
1758 2680
3900 2680
2914 4653
4065 493
2114 3900
1352 4653
2719 2114
3208 3886
2333 4653
4942 459
1651 4942
1953 2333
2340 2333
3532 4653
4230 682
3768 4653
4298 3532
2670 3886
4012 3886
4343 459
69 3886
3104 459
604 4012
311 69
2715 3104
3231 604
1672 3886
558 459
2544 2715
4366 2544
2625 2544
2308 4366
1264 3886
3071 1264
2068 459
4213 3886
4581 459
1882 682
3401 4581
324 4581
6 4213
777 3401
4060 1882
4406 3401
3272 4406
847 4060
78 4653
4228 78
4334 3272
621 4334
2376 78
2287 682
3867 3886
2140 3867
225 682
2880 2376
4097 2287
4842 3867
548 225
1011 2880
4737 1011
4386 4097
671 3886
2323 4737
3322 671
4087 682
391 682
159 3322
2794 2323
2030 2794
1295 2030
2512 159
4482 159
3100 4482
4607 2030
711 4607
1502 4653
4655 3100
534 1502
897 459
1412 3886
2937 459
1210 459
1407 459
649 459
1779 4653
1864 753
3340 682
2862 1864
1150 2862
325 459
4117 3886
4506 1150
4659 2862
2631 4659
3476 459
2949 459
3826 459
4807 3826
4133 3826
2569 753
3807 3826
4544 3807
4160 4544
3683 4133
4423 459
1141 3886
699 4423
3052 4160
4323 3052
1119 682
3382 459
4125 459
2684 1119
1739 682
886 4653
4689 682
3194 3886
1284 3886
4721 4653
579 3194
2825 3194
1621 579
3446 4721
4014 682
3139 753
1007 4653
2097 3139
4569 459
2460 682
1125 2460
168 1007
2085 168
1272 2460
3 3886
3222 1272
2433 2085
3112 1272
2888 1272
570 682
1722 3886
343 2433
1389 570
1459 3886
2120 343
182 4653
4531 4653
544 682
860 4531
2633 753
3171 860
1700 544
4183 682
3396 753
861 4653
4308 861
2113 1700
4906 861
1624 4653
1988 753
3787 1624
2422 682
4983 3886
1761 4653
4157 3886
4077 3886
2967 4157
1874 753
3467 2967
4179 4653
4260 3886
1382 753
474 4260
4474 4260
1979 682
4946 3886
108 3886
3187 4653
4635 4653
306 1979
1034 3886
1576 4635
3165 3187
1744 4635
2258 3165
2235 4653
3262 3886
2115 3262
1282 2258
4744 4653
1801 1282
3819 3886
1211 1801
3893 1282
695 682
2142 3819
2288 3886
4699 753
4618 695
3531 2142
1216 2288
2912 682
3951 3531
4075 4653
191 4075
3258 2912
3484 191
2558 459
1877 2558
1647 1877
165 1647
1160 1647
2998 165
1224 4653
555 2998
1037 2998
3234 1224
329 682
1648 3886
2720 4653
1473 1037
2795 1473
428 2720
1627 682
2927 753
2583 4653
1331 682
5000 2927
3747 4653
2469 2583
4585 5000
4020 682
2587 4585
820 3747
4829 4653
4621 4585
4359 2587
1416 820
4777 4829
293 4777
2 4359
3378 1416
590 3378
328 682
3108 753
4142 4653
4327 4653
1828 682
527 3108
1757 1828
4120 682
1567 753
3489 1757
2446 527
990 3886
4685 2446
3851 459
2572 4653
880 459
4245 880
1940 3886
2271 682
4662 2271
1207 1940
1370 4245
3348 1940
1375 1370
970 1370
606 459
1437 3348
1426 3886
3813 682
2783 682
2721 753
3462 682
3642 4653
3029 2783
85 459
2654 4653
2687 682
1994 682
3327 85
1725 4653
4437 753
3560 3886
2218 682
1574 3327
49 4437
1222 3886
603 4653
2611 2218
2997 1222
185 753
2823 753
2920 603
1570 753
3130 2823
2616 2823
2750 753
3774 3130
3557 2616
4223 3774
4650 4223
88 3886
4102 3886
3940 459
4896 3886
1878 753
4265 682
1604 3940
2844 1604
2810 2844
3042 2844
2770 2810
1946 3886
2897 4653
3822 753
2334 2770
3961 3886
3891 2897
3317 682
1740 3886
4697 459
1531 3886
1580 4653
2801 4697
1505 682
3099 4697
2055 459
59 4653
3805 59
3453 2055
3885 3886
3519 459
1279 3886
1236 3805
4681 4653
600 1279
105 600
57 600
4218 3886
951 753
4905 459
1537 753
2039 3886
1821 2039
1366 4653
4534 4905
1894 1821
3308 459
2105 459
3278 3886
82 459
2513 3278
1936 753
3389 4653
1563 682
3419 2513
3488 459
3162 1936
164 3162
1807 682
3644 3886
1232 753
834 4653
4818 1807
894 834
3570 4818
3074 682
3227 3886
3555 3570
2867 3074
1515 3555
1504 753
1996 753
1867 459
4073 1515
4895 4073
3347 1867
3576 682
640 4653
4259 4653
3359 682
4743 640
3264 3886
173 640
598 173
4238 459
2253 4743
3620 2253
713 2253
1544 459
2899 1544
4085 459
2507 2899
809 682
1555 2507
1356 4085
747 682
1518 3886
55 753
1097 682
163 753
688 1097
2875 3886
1418 2875
366 4653
4188 753
1136 682
936 4653
2195 753
3854 1136
1513 4188
3213 936
2132 1513
150 682
3703 3213
3048 682
4397 459
1046 3703
3431 3886
4751 682
1708 4751
140 4397
4001 753
1525 4751
3705 4751
3275 3886
4388 140
1235 3275
3456 1525
14 459
3664 14
872 459
1702 459
2331 872
3344 3886
1271 753
4666 1271
2032 3344
255 3344
601 4653
4066 1271
3132 4653
386 682
3877 386
2414 3132
2176 682
210 2176
3766 753
466 682
2122 466
698 3886
1482 3886
1661 2122
3370 753
4591 3886
48 459
1318 459
3629 3886
2947 753
3494 2947
313 2947
4547 2947
3979 2947
850 313
4707 3886
2729 4653
1932 682
171 3979
3101 4653
508 753
4654 4653
3190 3886
3973 171
2355 3886
4138 3886
1817 682
2955 2355
1549 1817
1820 4653
1904 1817
2671 1817
449 1904
3183 4653
3201 1820
4575 459
4736 4575
1961 4736
3076 3183
567 753
1045 3076
1403 1961
3903 3076
63 3903
3458 1403
2190 3458
4564 459
3083 63
1365 3886
1373 459
3058 2190
354 1373
4801 354
2256 354
4420 459
4989 4801
553 4420
269 553
1106 2256
502 269
32 4989
3221 553
969 269
2596 753
1401 3221
2145 2596
3597 1401
3989 969
1842 3886
4536 753
3176 3989
3777 459
4664 3989
4419 3886
1311 4664
2260 3886
2035 3777
2974 3886
4799 2260
3333 4799
3542 4653
2273 3886
3111 2273
1453 3333
1263 1453
3064 3542
3835 459
2764 682
501 459
4471 459
1340 753
404 459
1435 4471
1741 1435
3600 682
826 3886
1516 3600
651 753
3160 1741
3439 4653
3498 4653
720 1516
1674 753
1374 459
4613 682
3736 3886
2259 3886
4866 682
2886 4866
3881 3736
2612 682
3209 4653
3574 2886
1357 4653
270 3886
3668 3209
2976 3209
58 3668
728 3668
2696 3886
271 728
175 753
1185 58
4088 4653
3887 682
870 3887
2093 3886
4342 753
2059 459
1965 3886
514 2093
737 753
3191 737
4626 682
4823 753
4550 4626
2731 4550
549 682
2437 4626
2803 3886
963 2437
3214 459
1526 459
3952 4653
4071 2803
1413 753
1208 1413
811 682
4147 753
4882 682
1173 682
1252 4147
3509 4147
521 1252
2879 4653
984 2879
4101 682
217 984
1261 521
2357 1261
4672 2357
3324 4672
3115 459
2923 4653
2950 4672
1307 3115
2745 682
4290 3115
2791 3886
2495 682
4528 2745
3276 682
3242 4653
2826 3886
4988 3276
513 682
4370 4653
3630 3242
1545 4988
2540 4370
759 3630
305 682
1603 753
3602 753
1711 3886
3507 1711
4493 3507
1642 3602
1726 1711
658 4653
4759 4653
4364 3886
4790 4653
3955 4653
4935 3886
2203 3886
748 4790
3374 3955
4787 4653
3172 753
4648 2203
3422 3374
3904 3422
1231 3172
3136 3172
4663 4648
2829 3422
1522 4653
383 753
4515 459
1147 2829
2172 3886
2012 2172
1472 2172
2439 1147
2781 2172
3433 2439
1646 753
4629 2439
1941 2439
1140 2781
3354 753
3050 3886
4103 1941
3186 4653
1395 682
2143 1395
2995 3050
3985 2995
1079 2995
2692 2143
2131 3886
1082 2995
3114 4653
4507 3886
1273 753
4853 2131
1920 1273
1584 3886
2617 1584
4084 682
1248 4084
774 682
4979 1584
349 3886
3123 1248
645 1248
4701 682
2538 682
3676 349
4545 4701
1436 3676
763 3676
1350 3676
4490 1350
1986 1436
1175 753
2370 4653
2000 753
634 1986
3554 753
3704 753
1718 2370
3607 3886
2402 3886
2381 3704
3210 682
2013 2402
2083 2013
4167 2402
2908 2083
3019 2013
4892 2908
922 3886
435 4892
218 922
3653 682
3243 3653
3259 435
237 4653
2408 3243
3253 3886
2236 3243
675 2408
4400 3886
2722 3886
229 4400
962 2236
2095 4400
2763 3886
2736 2763
931 682
2575 4653
3998 2763
3798 3998
683 459
4914 3998
1841 3798
2232 4914
1934 4653
4456 1934
4303 753
4567 4303
2160 4303
3541 4567
198 753
859 3886
4619 682
3837 859
4429 753
1871 682
3769 3837
1317 4619
3426 3837
2944 3886
1109 1317
3983 2944
2465 682
1938 1109
1336 1109
915 3886
2539 915
1845 1938
1463 1336
3647 1463
2163 3647
4189 3647
4763 4653
176 3647
2274 3886
1069 4653
4910 459
1121 3886
312 1121
4255 2274
102 3886
1055 4910
1885 3886
564 4255
4901 459
2567 753
1054 4653
1849 4653
3540 2567
1278 1849
2565 1849
1016 1278
4224 3540
526 3540
3499 753
4985 4653
2014 4985
2245 526
3905 2245
4974 753
2989 2245
2757 459
2746 2757
2184 4653
2426 2746
1293 753
2971 1293
1608 2426
4771 3886
1865 2426
3500 753
2932 2971
2483 459
3745 4771
4599 3886
715 3745
4401 715
2648 4401
3073 4599
2508 4401
3377 682
4321 3886
4324 4321
1796 4653
609 4653
2452 459
1275 4321
3799 3886
319 459
2040 3799
1024 1275
1313 3799
3513 2040
1554 2040
2192 682
896 459
90 682
1104 2192
1183 3886
879 1104
3326 1104
2464 682
578 1183
2748 578
3621 753
827 3621
1100 578
95 827
4509 1100
3457 4653
3155 753
4053 753
4025 3457
3648 3886
3315 459
1903 682
4837 1903
4365 753
3556 459
193 4653
4373 3556
122 4653
4552 682
2533 753
2661 4373
2626 122
1178 2626
4727 682
3847 753
702 682
3875 682
911 459
3528 4653
3346 4653
2620 459
4761 2620
2237 3528
1013 3346
4013 4761
1523 2237
16 753
4110 3886
2175 4013
2511 3886
2957 2511
3623 16
1823 459
3384 2511
3594 459
2479 4653
991 459
42 4653
3235 42
4354 459
4374 459
2527 3235
375 2527
2199 4374
4542 682
1970 2199
3708 2527
2187 375
769 2199
2940 682
1905 753
4316 2940
3004 2187
1898 2940
3969 3886
565 3004
2688 1898
4953 3969
381 459
2735 4653
3978 2735
1997 3886
3872 4653
4652 682
4043 753
3479 753
3224 682
840 3224
3341 4653
233 753
2209 682
2133 2209
1500 3886
3964 3886
3485 682
784 2209
2090 682
482 3886
4477 482
4609 482
2344 4609
520 682
2694 4653
480 4609
2586 4609
3685 520
266 480
4687 3685
2613 2586
2038 3886
4026 4687
4919 4687
4149 4919
2943 459
3229 682
183 753
299 753
4108 4149
1162 3886
2854 299
4454 682
4135 682
2072 1162
1430 1162
4274 1430
2077 4454
2762 4135
2136 2762
3301 2077
2233 4274
4573 3886
2833 459
1787 459
4632 1787
2915 753
4150 1787
2860 4632
3437 4653
1428 3437
3118 1428
285 2860
1543 2860
2779 682
3850 285
1802 3118
3307 2779
3057 682
2352 682
3725 682
3888 459
2553 459
1364 459
3960 682
3338 3886
4319 3888
1786 3886
2302 3338
3959 682
3529 459
3452 4319
3290 3452
2324 4653
1120 682
4136 3452
1870 3290
766 753
1610 3886
3780 3886
4242 4136
1283 766
4153 1283
3427 3886
3097 4653
2685 1283
3697 3886
211 3097
1221 3427
2607 459
4733 753
3471 459
2224 682
3225 3886
1616 2224
1734 3886
4524 1616
1668 3225
2504 4524
2836 1616
2985 459
4276 2985
2651 4653
2904 753
3933 682
632 2985
3116 459
3601 3933
1062 4653
2459 753
685 459
2521 459
4674 753
957 3886
1514 682
291 459
1245 682
3090 291
3714 1514
4811 3714
591 3886
4628 753
338 459
887 338
1954 3886
3613 459
1258 753
2280 1954
1684 753
4317 1258
3814 3613
1497 682
1144 682
529 4653
344 529
132 1497
589 132
949 753
967 589
2585 682
1421 753
2600 589
660 2600
1720 682
4208 2600
3693 4653
954 4208
3527 4208
472 4208
1099 3527
744 753
1836 459
207 3886
2066 753
2231 2066
356 3886
4362 459
2963 459
2330 753
2353 459
4271 459
2951 4362
1560 4653
298 4271
4450 2951
394 4271
1875 394
1266 4450
4583 394
999 1875
1714 1266
3159 753
4851 1714
2959 3159
572 4653
3999 4653
62 4851
765 62
3866 2959
2430 753
1310 3866
1196 3886
2805 1310
1967 682
1388 4653
3599 1967
2251 753
4678 2251
156 3599
4903 2251
4279 4903
2647 4653
368 753
116 2647
242 4903
4269 753
4166 368
3481 682
3846 3886
4462 4653
4634 4653
3520 3886
2744 459
901 3846
1673 4634
631 1673
2046 2744
2628 4653
2933 631
3833 1673
335 682
2878 682
363 3886
3406 753
1750 3406
3911 459
3395 1750
2946 4653
1839 3406
4500 682
3841 4500
4730 3841
3154 2946
1028 753
2828 4730
2107 3841
200 4730
1292 4653
1040 4653
4159 1292
27 682
2217 200
3806 3886
2691 4653
2262 3886
3734 682
858 3886
2148 2262
807 858
1085 4653
2216 459
308 682
2549 682
1521 682
3744 682
3932 459
2542 3744
1751 2542
3027 682
3901 753
3898 3027
2474 3901
4893 459
3310 3898
4079 4653
4933 4653
1597 4653
2907 4933
2556 4653
3603 3886
2314 3886
3762 682
4579 2907
842 2556
3119 753
1832 3886
2391 842
4966 682
400 4653
4540 2391
4518 682
745 4540
952 745
194 4518
2317 3886
2441 2317
4231 952
3330 4231
1143 3886
1533 753
4965 4231
3587 4965
926 1143
2782 4965
2961 2782
3193 682
2125 2961
4377 682
274 3886
813 753
4952 753
503 4952
1743 503
1789 753
3405 459
2432 1789
1 753
2853 1743
917 459
97 753
789 917
4604 753
378 4604
3469 378
1622 378
1396 3886
1754 1622
953 4653
4670 753
4941 4653
4505 682
1452 4941
3892 3886
4081 3892
2760 4081
932 4081
703 682
1488 753
127 459
2239 459
1888 753
4240 1488
350 3886
1073 459
3957 1888
3409 3957
4913 4240
1649 350
1129 4913
2490 3957
4067 4653
2292 3886
3198 3886
989 4653
1922 3886
3296 459
322 459
888 3296
4924 989
24 322
405 459
3237 3886
3412 682
3690 682
3853 405
3977 3412
3329 3412
841 3690
3121 459
1051 4653
4584 1051
341 3329
4795 459
232 341
556 232
4920 232
913 459
1667 459
2657 3886
2246 4653
4665 2246
4348 4665
568 459
1548 459
3413 1548
3617 753
855 3617
3103 855
3089 855
3889 3103
3909 3617
2082 3089
3593 3103
2436 753
577 753
3651 3909
4977 682
4383 459
1259 2436
654 459
3065 4977
2980 753
4131 2980
4925 3886
1444 3886
3706 3065
2329 4131
2215 682
1958 459
3701 3706
1699 3701
390 4653
110 1699
1919 390
1737 1699
2156 390
3288 390
3368 3288
4671 1737
4124 4671
3274 4124
4090 4653
1914 3886
2472 1914
70 3886
1312 753
347 4653
3238 459
4725 347
1410 4653
4111 4653
3855 4725
2986 753
2885 459
794 459
1721 682
4577 2885
1695 753
1132 459
104 3886
4022 459
612 682
3149 682
1760 1132
1808 3886
253 612
4865 612
2890 4865
829 3886
1873 3886
4631 4653
2645 459
3397 682
1334 4631
4154 459
3334 2645
4868 3397
315 753
1921 3886
871 315
4475 315
1982 4868
2753 4653
562 753
2056 562
3882 4475
1077 2056
4329 562
862 682
3343 2056
573 4653
3914 573
3565 3914
4376 862
868 3343
2345 4653
2149 4376
1107 2149
3305 4376
351 753
1450 351
3095 753
2023 351
448 351
484 4653
1881 459
3207 484
2310 4653
3770 459
181 3770
921 682
2067 753
2994 2310
3185 459
4049 3886
44 3886
3461 4653
1006 3185
1992 4049
141 1992
1868 1006
1911 1006
2526 682
2356 4653
1408 2526
1009 1868
4710 1911
985 3886
28 753
2307 28
4514 753
2200 459
2809 4514
495 2809
1457 753
1206 753
3146 2200
1652 1457
1944 459
3753 753
4034 459
2220 682
1067 4653
3757 682
1765 753
3463 4034
1111 459
1161 3463
1660 3886
3838 459
3466 459
252 1111
4516 459
2089 3466
2858 682
4113 4516
4295 682
2365 4113
301 2858
4605 2365
4562 301
1598 459
3482 753
2520 4653
4930 4562
4644 459
2005 753
1303 2520
4792 3886
4176 4653
4522 1303
2428 753
4424 753
2359 3886
1398 4176
812 682
522 682
372 682
3110 4653
4309 682
618 3886
1335 682
462 3886
114 459
4382 462
2380 114
4272 3886
2732 3886
209 2732
2127 459
1943 753
3658 2127
4828 682
4706 2127
692 2127
223 4828
3167 459
1784 459
2901 3167
3967 3167
3718 3967
1347 1784
4742 459
86 3886
2003 3886
4936 4653
4236 4742
4357 2003
2418 4236
2367 4936
249 4236
3553 682
1177 682
4173 2367
1167 3886
1201 1167
139 1177
4708 1167
3150 1167
2467 4708
4205 753
1989 3150
2814 4708
4860 3886
4137 4860
2004 459
4312 4137
2807 4312
4282 753
3056 2004
3302 3056
2604 3886
1019 753
4112 3886
4848 1019
2400 2604
588 4848
3637 4848
3318 3886
4693 3637
718 4693
2228 3318
2177 2228
410 4693
4021 682
1701 4021
3350 753
2808 4653
3681 3350
1778 4021
1790 3886
4054 753
4076 3886
4827 753
4134 1778
2419 1790
1670 753
2099 4134
4089 4134
4268 682
3508 682
4832 682
4059 4653
2397 459
4602 459
1108 4832
4982 2397
3137 4982
4775 753
4992 459
2646 4982
3856 753
667 682
2500 682
2917 682
2561 2500
303 459
2165 459
3287 2561
1036 2917
788 753
1853 682
3072 4653
902 3072
3233 3886
2429 788
4657 459
3739 4653
4426 3233
318 459
2086 4657
2642 4653
3166 2642
264 3166
4363 3166
4226 3886
4560 4226
226 682
4645 753
595 4560
2952 595
4396 595
3135 753
424 595
3255 753
125 3255
3250 3135
2098 3886
3533 3250
3874 3533
3568 459
1035 2098
3610 4653
805 3533
2382 3610
494 753
1927 1035
1889 459
1909 4653
3142 1889
956 3886
4704 1889
2683 3886
4732 459
112 956
425 112
895 4704
3445 425
739 3445
3789 753
3765 895
214 3445
4313 3886
423 459
2991 423
3270 753
4192 3886
2768 4653
801 459
3081 2991
2870 753
3077 4653
3188 3081
3388 3077
1520 3886
2423 682
3313 753
3575 4653
4603 3313
4082 1520
2335 753
833 753
77 2335
4225 4082
4451 753
2638 682
4890 833
3212 2638
937 459
2821 4890
4861 753
912 459
4407 3886
1170 912
357 4407
235 459
4596 235
3586 682
4299 357
4367 4299
4912 235
3733 4912
2486 3733
2856 3886
993 2856
2573 682
4586 3886
3646 4653
2510 3646
2298 2510
2581 753
726 753
272 3646
1384 2298
629 272
4783 2581
1204 1384
736 1384
1354 753
3512 1354
4445 753
1847 3512
2562 4445
51 753
1703 1847
2181 3886
3447 1703
3066 51
1663 459
4006 459
1809 682
2008 459
2954 1809
4886 682
2881 3886
4457 4653
2458 753
535 4653
3393 682
2506 753
107 3886
1689 753
2011 3886
3756 3886
4523 2011
3321 4653
4872 2011
2975 3756
1595 459
1462 753
442 459
3750 442
2695 3750
3927 4653
1070 442
1166 2695
1056 753
1041 753
4554 753
2818 1056
3174 459
571 2818
4100 459
1456 4653
2545 1456
2204 682
1781 4653
1233 459
2747 3886
3930 1781
2532 2204
2835 3930
3908 2835
2295 753
717 3908
4839 753
250 717
12 250
4975 4839
3021 250
2629 3021
1683 459
4625 4653
3612 3021
881 4625
1219 753
4379 881
2020 4379
1983 459
2229 4653
1959 682
4870 4653
45 1959
3205 3886
1818 4653
1910 4653
145 459
808 145
4258 682
1180 1910
490 1180
2417 753
1427 1180
3572 1427
3079 753
3196 2417
1666 459
184 3886
72 459
3775 3886
1899 72
1480 3775
1017 459
1296 753
4598 459
3394 753
1752 1480
3711 682
3641 459
2669 4598
518 2669
169 518
1629 3641
3563 3886
1971 4653
3673 1629
4816 753
3515 3563
1677 1971
2060 753
4864 3673
2238 682
3689 4864
1277 682
4371 4653
1475 3886
1680 4371
153 459
982 4371
1112 3886
3295 682
4888 4653
3003 3886
575 3003
3441 459
3760 3003
3030 4888
1057 575
4503 3441
4091 3886
4219 3760
3328 682
943 753
1342 4091
451 459
3493 451
4210 3493
4320 943
3023 459
1022 451
3720 3493
869 753
2988 3023
2207 869
1756 869
4306 753
3779 3886
536 3886
3633 4653
2386 753
528 2386
4762 528
2796 4653
1146 459
483 528
1957 4762
2213 753
4921 1146
4452 459
3831 682
3890 459
959 3831
241 3831
3015 4452
3018 3015
3069 459
4558 3015
1980 4558
3046 4653
3199 4653
1091 4558
1924 682
1251 753
3113 753
934 4653
1861 4653
505 3113
694 1251
4999 694
3616 505
3514 3886
3285 4999
1550 459
2372 459
3320 459
4247 3886
576 1550
8 4247
3390 459
4094 3886
3666 4094
617 4094
477 8
1883 4094
636 1883
4622 1883
204 4622
3332 204
1191 636
1880 459
3738 4622
2476 204
1156 2476
20 3886
295 753
1195 753
1483 2476
1081 20
4643 459
657 459
2700 459
4008 1483
1767 657
1654 4653
3857 4008
2964 4008
3173 1654
2849 3857
304 1654
506 4653
1950 4653
3746 3173
4335 4653
2405 4335
452 459
2883 4653
2281 2405
2754 452
3107 2754
3144 753
3282 3144
1614 2754
2820 3886
3896 753
4525 3886
908 4525
4181 3886
1014 753
1596 682
3944 753
1230 908
4779 459
504 1230
3645 4779
2968 3886
1304 504
4612 3645
2058 682
2550 2968
3640 2550
3588 4653
1840 682
220 2550
3217 2550
4488 1840
2592 459
955 4488
3674 2592
3521 4488
846 955
1390 753
4019 1390
3082 3521
1392 4019
2484 3082
770 3886
2812 770
1300 682
3742 770
1769 770
2412 459
1792 682
2321 1300
4642 3886
1923 459
2942 682
746 3886
2874 753
1214 2874
1591 682
3060 682
1012 3886
3152 1012
1565 4653
1492 1012
1736 753
1935 4653
4741 1565
2421 682
52 4653
4292 4741
2498 52
1977 682
3147 52
4286 2498
2243 4292
4938 4653
81 4938
4943 81
2534 682
4434 4653
76 753
627 4434
1477 4434
693 2534
392 682
31 76
300 459
1202 693
2247 300
4627 31
1948 459
3163 4627
4770 1202
4846 4770
4954 753
3292 459
1139 753
2424 3292
3729 4846
346 3886
3858 682
4361 2424
2522 3858
3008 4361
4526 346
1993 2522
1926 4526
4908 1993
4796 1926
4326 753
2293 4326
3624 1926
635 459
2724 4653
396 2293
1262 396
3351 635
124 1262
468 1262
387 124
467 468
1788 753
4002 1788
1586 4653
4909 682
593 3886
443 1586
677 682
3956 682
201 3956
3088 4653
4031 443
4740 677
2488 4031
2536 4031
1433 3088
4005 459
3947 4740
1925 4005
2234 4653
2409 1925
2191 1925
2162 3886
4039 2162
3062 2191
190 3886
500 4653
376 2162
406 4039
4387 376
4764 4653
3145 500
1469 3145
2564 406
701 4653
797 753
1414 3145
4143 1414
828 1414
1018 753
824 4143
1253 459
3178 1018
4095 3886
1228 824
2024 4653
3254 682
1314 3178
4520 1228
4986 1228
1590 753
492 753
3709 4986
1732 459
4083 3709
2001 3886
3675 3886
4722 3675
1484 682
4877 1484
3517 3886
1783 753
446 4877
624 4877
2094 753
1397 446
80 1783
1380 624
864 459
893 682
2205 459
1387 864
1900 1380
1168 2205
798 753
875 798
2677 4653
4491 459
4221 798
1850 4491
3303 875
4485 3303
4590 4221
1169 3303
854 4485
2170 3886
1987 682
1556 1169
3536 3886
4826 2170
3109 2170
4330 3886
2286 3109
3252 4826
599 3252
3987 599
845 599
689 3987
157 845
2678 689
2922 753
4233 689
958 2922
123 4653
4487 2922
3041 753
186 753
3524 459
2128 186
4656 186
2174 4653
296 4653
3363 296
919 682
4745 4656
3590 459
4202 296
1981 459
10 919
3124 459
1094 753
2993 4653
444 1981
3033 10
1791 3886
4841 2993
4840 1791
1866 4653
3450 4653
279 753
1135 4841
2525 459
785 1135
3468 753
433 753
3376 433
930 4653
977 682
4768 433
1105 3886
2834 977
4408 753
2689 4653
1378 3886
2240 682
4728 2689
2201 753
4993 459
856 3886
4512 2240
3381 3886
707 682
822 4993
2543 4512
440 4512
401 822
1186 682
1215 440
1508 2543
1933 4653
1653 1215
359 1508
4830 1653
2208 1508
817 1653
3010 817
3105 3886
4969 3886
509 4969
3026 3010
1834 3886
1620 3886
3291 4653
1572 753
751 459
4254 751
1446 3291
412 4254
3643 4254
1241 459
4322 3886
1827 459
4884 3886
497 4884
4011 1827
2869 753
2537 4011
2773 682
438 2773
835 682
3809 2773
723 2537
4984 438
525 682
620 4653
768 723
4955 4984
4964 459
1949 620
476 4955
3094 1949
4932 3886
179 4932
889 753
4037 3886
1862 4932
1588 889
2076 4037
804 4653
1675 753
336 1862
4973 3886
3345 753
1128 753
2918 3345
2309 682
1963 1128
4369 1963
2268 3886
1154 1963
2598 4653
415 2268
1816 753
1952 682
4911 3886
4055 4653
687 4911
740 682
4922 4653
1188 753
1181 753
3273 740
1159 3886
4998 3886
1325 753
130 3886
1198 753
1749 682
1494 459
2290 1749
4004 2290
4588 4004
1274 4588
3337 682
437 4004
2589 4588
4594 682
4146 459
1491 682
4003 4653
4413 753
19 1491
1485 459
3490 4413
1411 682
2577 3886
1542 4653
2970 1542
714 1542
4802 714
1676 2577
3834 1676
3712 4802
4068 714
2366 4068
1851 2366
4968 1851
2267 2366
2222 3886
189 2222
4511 2267
2966 2267
3876 2222
652 4653
3861 652
4849 682
1879 3886
1061 459
4944 753
2415 3861
4566 1061
4991 1061
1589 4653
1605 2415
4442 4653
1476 459
3404 4442
4288 1476
4739 3404
4009 4442
3061 459
2269 3404
4593 682
340 4653
4755 459
4152 3886
1794 4653
1115 4593
2179 4755
93 459
3170 753
2938 1794
1503 2938
4805 459
3319 682
1748 3319
772 1503
4029 682
2063 1748
2052 4653
1712 459
918 3886
2169 1712
1032 1712
106 682
4448 1712
1386 4653
3925 753
2739 4448
1719 4448
320 3886
904 753
1682 459
3803 459
1289 753
1316 904
1517 3886
4339 1316
1810 4339
2378 3886
1747 682
333 3886
4072 4339
3487 753
2144 1747
2730 682
3342 2730
4038 2144
2962 2730
3808 2144
3975 3808
4395 4038
1454 2962
1806 4395
3486 3808
3934 1806
1088 4653
2800 4653
4814 459
2713 459
1470 2713
3817 1470
3628 2713
757 753
1464 2713
3247 1470
4876 4653
4465 4653
1326 4465
260 4876
2069 4653
1490 3886
1209 2069
4791 2069
663 260
4372 753
385 3886
1855 4791
1052 4372
2811 1855
3802 385
3267 459
4711 4653
3631 682
4418 2811
719 4653
741 4418
1928 719
1440 719
849 459
3589 1440
1613 4653
4403 1440
843 459
4715 4653
1966 4653
75 3886
1633 843
3352 1633
1599 1633
3677 459
2198 1599
1249 3677
3636 682
1409 2198
2337 3636
4044 682
2857 2337
2749 4653
1582 4653
3044 2857
1727 682
592 3044
1995 1582
1773 1727
3009 1727
3598 682
3737 1773
2872 3598
3470 3009
3578 3598
3816 4653
174 2872
4580 3816
898 3470
486 3578
1896 3816
730 898
735 730
2318 1896
1797 682
4217 735
4757 3886
1027 4217
2737 1797
2440 682
4206 3886
3430 682
537 2737
3922 3430
1623 682
3962 459
4193 3430
1547 537
2924 459
460 1623
4064 753
4817 459
2284 753
3741 682
2659 3741
1429 3741
2761 4817
2902 1429
978 4653
1225 4653
1068 753
251 978
3093 3886
3767 3886
2457 3093
4385 459
517 3886
4184 4653
3085 2457
4862 4653
867 517
4048 3886
1600 3886
2463 4653
1968 4048
3671 459
642 3671
2852 459
115 459
3451 682
2725 3886
280 3451
2487 2852
988 3451
352 459
4797 4653
3702 352
2911 682
432 3702
4543 682
4883 4797
1527 3886
3360 4883
2126 682
1617 3886
1890 682
891 2126
793 891
2158 793
4825 891
3863 459
365 2158
1424 3863
4350 682
2804 1424
277 365
1322 3886
1753 3886
4561 277
2341 277
3424 2341
2797 682
26 682
4808 2341
307 459
199 4653
2363 2797
4786 3886
332 4786
3418 307
1346 682
974 682
4582 753
4169 459
4806 3418
409 4169
4881 4582
382 4881
1417 4806
461 3886
2900 1417
4304 459
3963 3886
4032 2900
2178 4653
3037 682
2597 3963
3526 459
4307 2178
594 4307
3722 3886
4340 3722
1955 3886
1493 4307
23 3722
727 3722
2042 4653
819 753
1710 682
4227 3886
334 819
966 334
1348 4653
2831 1348
4996 4227
1759 459
348 1759
929 1759
670 459
2547 348
3776 3886
3180 348
3946 4653
4879 3946
2842 3776
975 3946
1402 459
134 753
4608 3886
2168 134
3659 1402
923 459
1447 753
2627 2168
3971 4653
2263 1447
1098 459
2734 1098
1078 4653
1625 4653
2630 682
2982 1078
2623 459
2343 753
2502 753
4109 4653
1799 4109
2427 753
4568 2427
4714 2502
3684 4568
2579 753
2186 753
2516 459
1026 3886
546 4653
2656 2579
1071 682
3414 459
2973 3886
393 1071
4261 4653
799 1071
4425 2973
2709 799
2450 799
1829 3886
1246 3886
1455 4653
2928 1246
4186 459
987 459
1030 1246
1942 1030
3289 753
4318 3886
3293 682
3839 1030
655 753
3573 4318
3981 4318
3323 682
2150 4653
2079 682
3567 3323
515 459
3818 2150
697 3567
3432 753
1611 515
4734 4653
3941 1611
275 4734
708 3886
1332 708
3796 275
1561 3886
262 1561
374 3886
3197 374
3017 262
1528 682
4161 4653
414 682
965 682
4074 459
4667 965
263 965
170 4653
1083 4653
4694 4074
910 753
4517 4694
187 753
4164 459
355 3886
2637 3886
3423 4164
790 4164
823 3886
403 355
1637 823
903 753
637 682
2523 637
4695 682
3383 637
137 682
3299 637
1363 137
3164 3383
3087 137
2129 3087
3449 3087
1696 3449
1766 753
206 3886
2675 459
586 1766
1815 2675
3688 1815
2837 459
2470 3886
2554 753
2373 4653
1704 2837
2361 4653
547 1704
2019 2554
672 3886
1399 459
1333 3886
1985 547
4393 2019
1962 3886
3261 3886
3129 459
3127 4393
1291 3129
1058 753
4467 682
4325 3127
2621 3886
4961 4467
3425 459
2390 4961
2193 753
863 682
203 3886
1657 863
2434 2390
84 863
2297 3886
3773 753
3810 2297
2466 459
2840 3886
36 3810
2690 2840
1243 3886
1142 459
256 753
3550 36
1869 682
358 1142
792 682
614 358
4023 682
2578 792
1538 3886
450 4023
4940 682
4610 459
4810 3886
1601 4653
2704 4810
2451 2704
3316 1601
2401 753
3862 2704
4686 753
971 459
3226 753
3055 459
154 4686
2111 4653
1793 3055
3387 459
4333 3055
3544 682
938 3544
421 459
1602 4333
1768 4653
531 4653
453 421
928 753
2375 753
1908 682
2265 3886
1632 2375
815 459
3148 815
760 1908
1762 3148
587 1632
3153 753
3080 682
4971 682
4798 682
1383 3886
342 4798
3793 1383
2196 342
767 2196
4669 3793
2301 4653
3543 459
4196 753
1438 3886
1729 4653
905 1438
566 3886
3168 459
4572 459
2935 4653
146 2935
1553 4653
360 1553
3717 2935
2096 682
2002 4653
1229 2096
4533 2002
3972 2002
68 3886
2548 753
1254 4653
2320 2548
1777 682
4527 2548
167 4527
3591 753
3361 753
2322 167
3034 753
2261 459
3608 3591
4229 2322
4970 3886
944 3034
1656 4970
2824 944
216 3886
4675 2824
2889 216
2977 2889
4024 682
2025 753
1665 4024
4139 1665
1978 753
3902 1665
4684 4653
2916 4684
583 4653
202 459
4994 682
3884 4994
2877 4653
1902 4653
4824 4653
3497 2877
239 2877
2108 4653
4479 3886
4504 2108
3920 753
844 239
4639 459
3246 844
1432 4504
2435 3886
371 1432
3686 2435
2948 371
950 1432
2913 459
1187 950
3311 2948
1184 950
4592 682
4215 4592
3362 3311
2978 3362
3460 3886
1655 4653
430 1655
142 753
1394 1655
4380 682
2106 3886
283 430
1546 142
4803 3886
464 4380
2570 283
498 753
2116 753
3284 753
4099 3886
691 2116
3539 4653
3211 753
1089 459
287 3539
1669 691
2478 287
1415 459
3844 753
4311 4653
925 1415
2057 753
3331 2057
2802 459
195 4311
1172 925
3968 2802
1715 753
2723 1172
4855 682
3832 4855
2453 4653
4537 753
2028 2453
3151 4537
1020 753
791 682
2406 3151
981 682
3373 981
1487 1020
243 791
2815 981
4433 1487
786 4653
3879 2815
3241 2815
4731 3886
4057 459
1194 3241
3036 3241
1541 3036
1557 3036
3583 4057
4182 3036
732 682
1534 4182
1265 3886
3040 459
1298 682
4804 1534
1171 682
4178 4653
379 3886
1833 3886
289 4178
3852 3886
38 3886
1536 4653
1200 682
543 1536
4535 3852
1509 1200
4162 459
3732 4535
2438 3886
3743 459
284 1509
4284 284
3868 753
268 459
2945 284
1662 2945
3661 268
2448 3886
1738 3886
3549 3661
2411 3661
1114 1738
2272 2448
709 459
1281 2272
1001 4653
1445 4653
4887 1445
4578 1001
998 753
1848 1001
4784 998
3825 1848
2157 4784
2043 682
1368 682
511 4653
39 3825
3974 2157
1220 3886
839 3886
4928 753
626 3974
1145 626
4677 1220
2936 753
3917 4928
647 1145
4096 682
2787 682
3475 3886
1023 682
4140 4096
1423 4653
2979 4140
4058 2979
4785 682
1002 4140
3349 4785
873 3886
700 3886
3416 3349
1644 459
4294 753
1133 1644
4122 459
4200 3886
630 682
3369 4200
3125 753
4123 682
205 4123
3483 459
2152 459
883 3483
519 4123
3986 3483
129 3483
4036 129
4873 4653
3442 682
3182 3986
2092 459
441 459
2431 3886
2384 753
1731 441
1698 459
4069 3886
3417 1731
1076 753
3928 1731
94 459
2752 3417
4191 753
4234 753
261 94
240 682
1353 3886
584 1353
302 682
2766 753
3783 2766
1594 584
4144 302
4931 302
420 753
4115 3886
1443 1594
3910 459
2546 3910
4772 753
2407 682
2652 2546
3024 4653
2103 3886
4158 2407
288 459
4647 4158
1471 753
2551 459
3157 3886
1234 4653
3535 2551
1803 3157
4033 1234
638 3886
3304 682
2676 3304
3634 753
1578 753
3698 753
2769 753
1691 2676
4455 753
3158 459
659 459
2636 3158
3495 4455
74 659
924 682
3506 459
4539 682
2009 4539
1917 753
4546 682
4216 4653
3865 459
2183 3886
1976 1917
4750 459
4030 3886
439 753
2990 4030
388 753
2776 3886
1113 459
353 1113
2171 459
1152 1113
4422 4653
3669 4653
4729 3886
942 2171
2350 4422
3219 459
2374 2350
41 4729
4871 2350
664 4871
4624 4653
721 41
1080 459
2681 459
734 4653
4430 3886
2603 2681
1420 2603
4852 3886
1087 1420
4466 4852
1025 2603
4253 3886
4040 1025
890 4653
2018 4653
3663 682
4530 4653
3655 4653
3133 4653
131 682
4209 3886
2541 4653
3662 2541
3804 682
4355 4653
499 4653
2230 4653
4263 3662
2664 4355
2716 4263
4637 2716
422 4637
3871 3886
561 3886
3000 3886
1913 459
3700 682
219 3700
118 1913
310 3000
4062 219
4046 4062
2050 753
673 310
810 4653
1640 3886
1728 4046
1130 682
1562 4653
297 1640
244 682
1297 3886
4907 3886
15 1297
4444 4653
3949 15
2784 4653
1717 4653
783 4653
2758 3886
3391 3949
796 2758
4766 3391
1324 3391
4092 3886
3356 1324
878 753
1974 459
4285 1324
65 753
4459 4285
1579 682
668 3886
837 459
2369 668
4712 682
2871 459
3883 837
2559 2369
3996 753
3582 4712
1337 3996
1074 1337
2250 4653
3784 753
1659 3784
3781 3886
3772 3886
4470 753
4692 3784
2903 459
4638 682
884 682
619 2903
196 4638
3730 3886
4788 619
4869 4788
4047 459
4051 682
3994 4047
4894 4051
3138 4051
273 3886
4458 459
3443 4653
1678 3443
1158 4458
2742 3443
1872 459
1349 1872
2958 1158
4976 1158
885 4653
3579 1872
1575 4976
613 3886
633 3886
282 459
213 282
1975 682
3829 213
4214 213
3869 753
2303 213
1377 753
3195 3829
3771 459
4427 2303
3995 459
1664 4427
1776 459
551 1776
3650 1776
1192 1664
1510 551
2632 1776
3503 3886
3251 1192
35 3251
3754 1510
705 3886
2793 4653
4878 459
1912 2793
3873 4878
2528 3873
4302 682
4640 1912
4277 459
278 2528
4070 4640
3815 4640
281 4070
596 682
4151 3815
3283 596
1771 682
3407 3283
4063 459
4716 4653
1376 682
1551 682
1451 459
1425 1451
4331 682
4510 459
510 4510
2311 4331
4346 1425
3606 4331
2926 2311
4078 3606
4190 4653
3561 3886
1328 2926
4951 1328
4651 1328
4266 4651
2666 4266
3306 4266
1038 4651
2921 682
4574 459
2346 1038
1269 682
2839 1038
1636 3886
2588 682
3464 2346
2996 4653
795 3886
2841 2588
4056 2841
1814 795
3842 4056
4028 753
4345 1814
2892 4345
2385 3842
4328 4653
4392 4028
787 4328
3569 459
3649 4328
3522 4328
2972 3886
2445 2972
1460 3522
1634 682
4923 3522
2930 1460
2718 459
3249 1460
3562 3249
4278 459
419 682
4041 419
4175 419
3682 419
2710 419
4529 4041
3059 4175
1524 682
3263 753
292 682
2299 4529
1552 4653
373 1552
4844 4653
1092 2299
1860 4653
1990 1860
3364 373
4360 1092
258 459
4235 1990
4606 682
1205 3886
4464 459
2166 459
2342 4235
1043 1205
1149 1205
2017 3886
4616 2166
87 1043
4256 87
4171 4256
1535 753
3997 4171
2264 4256
2686 3886
3614 4653
2717 1535
1539 682
1951 2717
933 1951
3939 1951
2755 1539
1478 1539
3954 1478
1619 682
1267 3939
2159 3954
4601 459
4688 3886
4867 1619
2786 682
4553 459
2377 4653
2146 4867
3002 3886
3748 2786
605 2146
947 4653
1804 3886
1288 3748
4885 4653
1193 4885
2225 1288
1973 3886
56 753
4203 2225
4315 3886
3830 3886
2665 4653
3723 682
2728 753
1134 3830
4280 1134
1558 1134
3335 3886
2282 682
4760 3335
3836 4760
2861 753
1671 4760
3752 682
4748 3886
4850 1671
2044 4748
3294 2044
3054 3752
1945 4850
4956 2044
3192 2044
1501 682
1569 3886
3480 3886
3716 3886
478 3192
1400 753
832 478
4917 682
4472 459
3371 1400
761 832
1687 3371
3566 682
1165 753
2509 761
4244 3886
361 2509
4929 4653
4980 2509
877 459
4649 459
653 4653
4194 4649
876 753
4441 653
2925 753
377 876
1693 459
4778 682
2071 377
4822 682
3845 377
3943 4653
2304 2071
3122 753
3894 3943
4949 4653
539 3894
1321 3886
1250 1321
4061 4653
3694 539
1338 3886
607 682
458 459
4116 753
2838 3886
2929 4653
431 458
1355 458
3726 3886
3039 3886
222 4653
3161 682
3248 682
3325 3161
2499 222
3223 3886
1587 3248
4015 3248
4461 4015
3120 2499
1824 682
1339 4461
3408 1339
4972 1824
1372 3120
1733 1824
4344 4972
3848 459
1461 3848
4492 4653
4187 753
972 4653
3596 3886
2865 3886
2248 459
1479 3886
96 972
3926 682
4589 4653
3421 459
34 96
4615 96
3778 4653
773 4589
3106 4653
3035 4653
4016 773
1309 3778
4301 753
2712 4653
4035 753
4052 4016
2906 459
3358 753
3232 2712
4093 459
686 753
1723 3232
2514 753
3530 2514
1805 2514
4705 753
4416 4653
4859 4416
2101 1805
4927 2101
2674 4705
236 682
228 4653
2619 228
152 228
4641 3886
1268 459
2568 682
3919 1268
2593 3886
2624 682
136 2624
4614 3886
2574 2593
704 4653
1431 682
3141 2574
3537 753
2518 3537
2580 3141
4660 2518
485 682
2667 4660
743 2580
927 2667
2531 4660
2349 682
1465 753
3215 743
2241 682
4726 4653
4007 2241
4469 4726
1223 4469
1891 4469
408 1223
2325 459
2462 3886
716 682
434 1891
4718 2462
4170 2325
2485 682
4571 4653
73 2485
2403 4170
4296 4170
2705 2403
4121 3886
1615 2403
1257 1615
257 4653
1048 459
749 1048
3013 1048
851 3013
2560 682
2969 1048
960 459
2379 851
3440 2969
1102 2560
1391 4653
161 1102
4858 3440
2306 3886
2277 161
1939 459
4661 4653
3181 2277
3281 3181
806 459
103 459
608 103
4691 3886
1798 3281
4496 1798
848 103
1697 459
4494 4496
4349 682
1763 4349
756 848
2650 4653
2064 753
830 4349
3271 753
3625 3886
345 753
1320 682
507 4653
1060 3625
2244 4653
2468 345
1583 507
1838 1583
1276 1060
3189 753
3639 3886
2893 1276
4478 682
4600 4653
1155 459
4753 753
4250 1155
3665 3886
1379 459
2850 682
3169 459
1059 753
3849 1379
3755 682
4696 4653
4305 3886
4414 3755
4597 459
900 3886
3595 4653
4617 753
4720 3595
2392 3595
3559 4720
3244 3595
706 3244
92 4653
4436 4653
2206 4436
1577 3244
4211 2206
208 753
4587 682
2425 753
3355 682
2354 3355
3761 3886
2496 682
4443 2354
119 3886
2780 2496
1367 2496
2283 4443
2987 459
1164 3886
4556 459
1238 1164
3580 459
1305 3886
4289 1164
3496 682
40 753
4981 40
1458 753
2891 3886
2884 3886
3870 3886
2846 3870
4438 753
3091 459
563 3091
992 3870
4963 682
2045 459
2278 4963
3477 459
4127 2278
669 459
4486 4127
3510 3886
3821 682
800 3510
892 3510
4709 892
3043 800
3411 459
4118 4709
3657 682
1315 4653
2582 1315
2679 2582
2053 459
762 2053
644 682
2021 2053
3280 682
2420 762
1270 644
135 2420
1212 459
120 459
1819 120
238 4653
2219 682
9 2219
1918 3886
581 1819
3025 682
771 682
666 682
3448 3025
552 682
1984 771
1103 3886
2180 552
4513 3448
1897 2180
4394 459
1931 682
2864 682
2741 459
1730 4394
4207 2741
1329 1931
4440 3886
2188 753
2154 682
4819 682
2398 2188
2953 4440
3092 459
2389 3092
4780 459
314 2398
865 753
1530 2389
4398 753
2905 753
1639 753
623 682
1137 4398
402 3886
1360 459
309 1137
1650 682
246 1650
3913 753
1344 4653
4898 753
337 753
542 337
491 4898
4480 459
2999 542
1075 3886
2480 4480
1685 4653
3049 1075
676 682
4291 3049
4460 682
290 4460
3585 676
2362 4653
3339 4291
3918 4653
2493 753
455 682
2887 3339
3216 455
1072 459
3385 3886
3692 3886
2161 3886
2049 3886
3068 459
2635 682
2822 3886
2602 3068
2614 3068
43 3068
1280 2602
622 1280
3792 3886
1764 682
4347 3792
2618 4653
882 3886
2214 3792
2026 4347
3912 682
71 4653
1895 753
3751 753
481 1895
113 481
3797 481
4463 459
3551 481
665 3797
4978 4653
2576 3797
1811 3886
4767 1811
825 4653
4368 825
4246 459
2054 4767
4086 4246
1937 825
1448 1937
3269 459
1029 1937
3534 3269
3240 682
1122 1029
2910 4653
1467 682
2765 3886
111 3886
4673 1122
3375 2765
3828 682
3790 111
3948 4653
4563 459
147 4653
1735 4653
4446 753
2777 147
1301 4653
1131 2777
2328 1131
1643 3886
4107 3886
212 4653
2848 1131
3011 4653
1886 753
2653 1886
3230 753
1359 4653
1857 1359
818 1359
2662 3886
1123 3886
2164 1123
2641 3886
2041 4653
1093 3886
2733 1123
1218 2733
4281 3886
1090 1218
3063 2733
2830 1218
3592 1218
4222 1090
4 682
3022 3063
3128 3886
2189 459
3622 4
3020 4
3131 682
2706 3020
3719 3622
367 3622
2473 3886
4863 2706
1343 2473
4130 4863
4145 1343
1213 1343
3731 4130
1631 1213
265 4145
4148 682
1499 265
4293 3731
4498 1499
3735 4653
2138 3735
3907 3735
1066 682
148 2138
3577 3907
3218 1066
2070 753
463 2070
454 3886
1907 3886
2984 454
4538 454
11 454
3067 4538
4243 4538
4957 4653
4746 4957
1163 682
3672 3067
488 4957
4838 682
2772 682
3615 682
4541 3615
3652 4838
4114 3652
3245 3615
2332 682
2442 3652
1182 4653
1930 2332
3942 2442
418 459
3992 753
4958 3942
395 4958
2034 682
2771 4958
3126 459
2155 3886
4937 3126
3728 2155
2037 4653
1964 4653
1780 459
2960 459
2185 3728
2477 2960
4947 2960
838 4653
286 4947
831 682
4399 682
64 753
3032 682
533 64
1110 753
3795 533
54 3795
1419 459
2571 459
61 3795
4646 682
60 2571
2254 4646
1287 682
457 2254
3297 459
1489 3886
