100 100
88 70
70 80
80 95
95 41
41 32
32 29
29 57
57 62
62 38
38 36
36 5
5 97
97 86
86 24
24 65
65 39
39 10
10 16
16 46
46 47
47 73
73 35
35 58
58 37
37 23
23 43
43 66
66 79
79 51
51 93
93 63
63 21
21 88
3 38
30 93
99 97
11 63
26 21
2 99
34 2
12 24
45 26
91 65
18 2
69 86
14 12
76 46
22 14
61 95
33 61
7 22
40 76
6 86
96 40
20 5
13 65
83 40
31 47
84 47
48 13
90 70
94 31
8 39
82 94
72 62
27 94
4 23
25 41
85 82
67 4
100 85
87 4
68 67
81 68
98 100
74 66
55 81
1 95
78 86
64 78
42 16
71 95
60 1
77 86
92 63
54 47
9 62
52 92
28 54
89 86
15 23
56 32
53 56
49 51
50 32
44 80
59 53
75 49
17 50
19 50
