1000 1000
746 723
723 316
316 115
115 507
507 414
414 67
67 810
810 601
601 745
745 486
486 255
255 983
983 264
264 487
487 981
981 379
379 260
260 975
975 940
940 10
10 473
473 943
943 910
910 805
805 234
234 168
168 626
626 254
254 662
662 708
708 370
370 169
169 976
976 659
659 345
345 70
70 23
23 352
352 258
258 381
381 445
445 295
295 706
706 776
776 380
380 202
202 205
205 740
740 123
123 174
174 956
956 317
317 489
489 871
871 787
787 653
653 565
565 146
146 16
16 108
108 678
678 545
545 732
732 192
192 946
946 9
9 302
302 75
75 6
6 761
761 243
243 695
695 331
331 375
375 246
246 364
364 671
671 693
693 293
293 105
105 755
755 493
493 233
233 948
948 348
348 211
211 508
508 474
474 607
607 408
408 371
371 149
149 460
460 949
949 457
457 712
712 564
564 543
543 282
282 714
714 314
314 183
183 143
143 29
29 879
879 588
588 997
997 578
578 199
199 837
837 441
441 919
919 92
92 762
762 748
748 261
261 230
230 875
875 687
687 860
860 135
135 55
55 828
828 611
611 972
972 716
716 644
644 579
579 26
26 504
504 306
306 189
189 929
929 391
391 346
346 866
866 456
456 934
934 794
794 272
272 95
95 749
749 252
252 903
903 390
390 341
341 801
801 690
690 97
97 912
912 674
674 530
530 905
905 960
960 392
392 979
979 451
451 808
808 37
37 980
980 908
908 358
358 633
633 329
329 207
207 321
321 750
750 104
104 283
283 691
691 200
200 982
982 569
569 858
858 573
573 733
733 399
399 160
160 311
311 705
705 342
342 772
772 867
867 74
74 86
86 974
974 596
596 842
842 841
841 132
132 333
333 800
800 876
876 657
657 96
96 153
153 300
300 771
771 171
171 895
895 927
927 955
955 247
247 630
630 751
751 730
730 909
909 756
756 31
31 561
561 284
284 651
651 941
941 658
658 739
739 518
518 388
388 269
269 590
590 72
72 238
238 213
213 664
664 857
857 736
736 127
127 332
332 287
287 110
110 219
219 783
783 770
770 870
870 178
178 796
796 347
347 873
873 954
954 709
709 672
672 656
656 738
738 159
159 79
79 521
521 890
890 366
366 176
176 28
28 20
20 786
786 138
138 394
394 404
404 553
553 580
580 661
661 924
924 831
831 322
322 151
151 568
568 978
978 717
717 305
305 505
505 47
47 900
900 57
57 373
373 803
803 141
141 532
532 827
827 603
603 701
701 829
829 292
292 812
812 500
500 4
4 61
61 814
814 433
433 713
713 896
896 64
64 966
966 276
276 718
718 349
349 989
989 945
945 885
885 62
62 782
782 520
520 73
73 523
523 680
680 778
778 947
947 307
307 312
312 462
462 592
592 85
85 367
367 737
737 140
140 583
583 122
122 374
374 878
878 742
742 804
804 147
147 465
465 882
882 94
94 161
161 412
412 384
384 335
335 5
5 834
834 562
562 655
655 124
124 604
604 263
263 994
994 746
259 263
2 604
430 151
806 259
145 430
897 259
839 837
459 831
795 388
939 145
958 839
609 6
232 569
50 451
758 787
591 609
825 520
884 825
150 138
731 591
699 731
990 825
491 827
872 150
930 699
334 946
915 930
485 930
514 316
536 915
832 514
925 915
51 925
7 514
223 536
249 832
195 51
228 223
17 579
76 195
999 228
313 105
726 662
880 6
432 230
466 95
81 466
378 732
642 432
477 651
918 642
535 748
78 879
822 642
478 580
82 441
636 127
824 829
743 82
111 16
428 824
907 824
571 824
41 743
320 571
774 41
888 571
416 656
525 416
684 745
93 416
476 525
435 416
403 751
853 684
650 47
807 347
360 890
425 650
8 934
271 8
522 425
911 202
881 701
235 8
637 607
186 522
926 637
216 867
616 568
107 926
625 364
77 233
715 625
427 77
142 651
764 77
539 474
624 737
34 23
461 607
676 624
700 147
488 520
398 700
760 26
550 408
91 37
780 91
793 151
722 91
820 500
56 793
406 793
835 56
363 399
479 352
53 657
102 691
809 885
752 317
526 804
402 487
549 659
600 981
458 549
720 831
533 458
792 600
288 792
88 367
167 720
497 288
594 167
343 497
563 96
440 167
206 246
666 149
652 745
916 399
566 652
917 206
116 940
290 116
506 776
921 493
973 761
463 866
587 657
383 233
865 921
899 973
298 644
864 587
727 865
330 553
376 974
152 523
891 376
697 723
190 110
35 978
920 190
112 4
959 493
224 920
584 112
1000 896
175 112
619 329
632 619
998 545
294 347
577 219
357 910
436 357
187 976
481 335
344 577
362 344
799 246
821 733
25 493
328 799
279 161
698 799
448 592
191 328
257 328
21 257
11 708
759 11
131 191
517 565
270 517
582 867
231 975
65 270
304 517
54 582
854 347
455 854
816 656
148 304
166 578
361 342
101 272
992 234
848 64
675 879
640 178
84 640
52 348
241 84
534 52
218 662
15 534
660 110
324 241
513 534
970 513
126 171
524 293
208 213
359 693
40 489
540 126
267 359
861 284
567 462
273 74
892 861
788 392
597 273
277 273
950 192
622 662
777 748
511 924
987 622
617 960
139 742
686 777
447 104
849 447
285 617
719 95
904 719
823 392
845 719
134 719
721 837
874 845
575 823
215 721
598 202
968 575
204 391
627 968
893 204
452 837
336 204
913 672
68 47
438 913
197 452
237 438
961 438
576 57
572 243
775 572
354 961
405 28
868 321
886 775
988 775
683 733
420 174
180 732
179 771
484 949
125 420
923 55
952 180
156 125
628 156
769 691
802 412
538 952
704 538
251 980
327 748
499 538
986 333
203 553
193 486
965 672
411 965
437 269
454 333
528 146
22 246
482 22
688 528
310 482
268 310
833 482
498 833
819 342
214 819
12 858
863 200
922 12
654 658
510 12
118 922
393 391
898 661
453 654
278 910
106 393
222 898
19 453
109 106
133 695
585 222
560 109
850 205
901 404
385 585
937 850
130 895
350 385
339 691
144 350
646 937
906 144
574 906
696 947
844 144
410 696
262 16
32 574
1 908
395 1
415 414
623 392
297 530
685 1
855 867
677 896
502 297
38 282
797 890
162 502
529 941
638 349
977 674
894 638
608 305
581 305
766 894
469 608
33 766
635 766
784 579
158 784
957 784
492 168
245 492
618 979
877 492
421 801
177 492
87 900
599 530
647 974
66 421
59 213
46 748
372 46
44 372
856 59
377 168
790 399
621 379
938 292
840 750
729 938
779 938
887 779
889 132
220 770
962 220
137 384
3 331
791 553
90 962
163 238
494 26
931 870
501 302
450 931
407 931
389 501
242 931
547 389
509 547
694 509
985 626
210 565
735 694
586 252
503 561
555 586
185 555
63 735
542 74
475 691
301 456
449 185
236 475
266 301
559 486
98 449
773 316
42 236
544 801
935 42
120 370
419 233
58 544
71 58
201 120
570 419
541 570
593 364
551 590
984 593
221 388
198 465
785 342
843 551
315 858
480 221
326 171
951 326
557 305
836 951
830 858
765 487
548 951
422 518
83 830
299 830
369 796
964 369
859 369
446 859
747 369
253 446
308 859
45 446
944 366
443 380
724 308
643 944
196 927
429 944
754 196
639 724
157 230
838 828
665 639
323 381
470 639
851 392
613 258
634 470
996 20
741 390
620 741
400 787
275 390
225 275
817 787
667 295
993 487
309 225
280 309
60 737
967 993
472 280
368 392
281 368
165 321
14 708
515 472
217 680
382 165
340 532
602 382
18 382
902 217
734 602
188 379
418 602
100 388
194 188
605 188
883 188
852 748
103 194
546 174
173 219
39 708
556 94
969 103
49 37
442 391
172 974
325 969
692 730
337 882
811 124
537 325
483 325
495 483
519 20
953 495
753 956
401 23
286 495
707 74
296 70
527 381
663 401
27 296
164 975
365 55
119 365
615 27
703 365
353 9
813 738
673 890
356 615
386 263
69 386
798 386
113 72
679 356
244 679
669 989
862 669
424 669
439 955
355 521
846 862
711 562
423 905
409 292
610 62
629 349
291 219
434 659
818 610
229 782
869 10
932 523
155 932
641 155
248 657
351 737
670 569
991 351
170 568
728 26
789 670
303 751
265 991
471 169
928 94
589 303
531 943
781 531
114 471
971 284
48 949
558 781
606 114
250 606
30 189
121 493
710 250
226 710
240 521
43 348
274 121
417 274
648 79
614 274
757 521
444 757
595 974
464 834
338 464
468 927
396 370
397 601
181 338
467 213
212 135
649 397
496 397
318 649
227 579
182 500
682 227
89 496
963 318
763 682
681 946
516 681
154 681
128 706
129 154
36 516
702 989
413 803
289 976
767 36
13 767
184 289
117 827
725 352
99 184
815 858
512 725
24 97
689 99
80 10
744 80
936 858
942 689
668 936
933 668
645 644
256 668
431 168
136 982
319 431
768 9
554 319
631 768
387 579
239 104
490 387
552 490
209 592
914 239
826 919
847 414
612 914
995 441
426 562
