5000 4999
2608 3192
4398 3192
1420 4398
3260 4398
1045 3260
2703 3260
2027 1045
4102 1420
2036 3260
2988 1420
4276 4398
3527 3260
3141 2988
2216 3192
3581 4276
2355 4398
784 3141
4606 2355
215 3581
1792 3260
1946 1792
3419 215
4160 3192
992 4160
368 3419
4226 4398
4758 3192
37 4398
4119 4226
457 4398
3686 4398
1656 3192
971 1420
3362 2608
4246 457
2606 1656
2163 4398
4510 2163
3675 4246
1457 2606
4211 2608
4139 4398
1705 4510
2356 1457
2839 4211
47 1420
2205 2608
1149 1705
2059 4398
3423 47
2742 3192
3567 3260
737 1420
3225 4398
4471 3192
1036 2742
104 737
674 4471
2628 104
1607 3192
1207 674
3129 4398
3009 674
2762 1607
1798 3129
2388 2608
2463 2388
4438 4398
4747 2762
433 3260
4032 1420
679 4032
1661 4747
161 679
4505 1420
1397 3260
1574 4398
2579 1661
1247 4398
3827 2608
2804 2579
3151 3827
2571 2579
2177 2571
1014 3151
3190 2571
577 3190
2099 2608
3546 4398
34 3190
1890 3192
568 3192
2770 568
2806 1890
1737 568
4991 2806
4918 4398
1023 2608
2846 1737
2998 2846
1729 1420
3625 1420
1385 3260
4165 4398
1947 1420
554 3625
358 3625
430 4398
4440 430
856 430
4576 3192
4544 2608
2 4398
4394 2608
4037 4394
2680 1420
1906 2680
1384 4037
3099 4394
1590 3192
2247 1906
3234 3260
925 1384
811 3192
2251 3192
1940 3192
669 3260
2226 3260
4776 2226
1179 2226
2457 4776
4508 2608
3089 2226
4040 3192
2139 3089
1943 4398
449 1420
2178 4040
530 4040
1382 3192
4244 530
3101 3260
189 4244
3970 2608
2519 2608
4617 3101
3303 3192
4528 2608
3242 3303
1150 2519
1012 3242
1770 4528
970 3242
4215 1012
3179 970
3299 2608
1493 4215
4946 3192
2849 1493
4097 3299
4733 4097
2584 4398
2855 3192
4017 2608
614 3192
469 2608
205 469
2345 3192
4842 3192
2521 2608
3512 4398
2658 2521
3480 2658
1751 2608
4554 4398
1993 4398
1222 4398
1978 2608
4207 1420
1416 4398
118 2608
4466 2608
1377 4398
3461 4466
3881 1416
770 4466
4247 4398
3139 2608
2925 3192
2595 4398
3604 3192
4286 1420
2324 2608
1412 2595
3395 3604
4393 2324
4217 3192
3201 3192
647 4393
1349 3192
3536 1420
3355 2608
977 647
1795 2608
3576 1420
4436 1420
4194 3192
4130 3260
307 1420
355 4436
1338 3260
2636 2608
879 1420
1827 2608
2989 2636
461 3260
3405 1827
3969 1827
540 461
1599 540
311 1599
3736 540
759 3969
4379 3260
4680 3736
1804 4680
1529 2608
4902 1804
378 1804
4289 1804
1368 378
3765 4398
2556 4902
1537 3192
2369 3192
1062 2369
2675 2556
2241 1537
2455 1537
2044 1420
4815 2675
1504 2044
1290 1504
2263 2608
1956 1504
4811 2263
2805 1420
4757 3260
1279 1420
1403 4757
2347 1420
4263 2608
3813 4757
435 1420
1881 435
3586 2608
199 4398
4890 3260
2847 3586
1348 199
4853 2847
858 3192
2980 4890
3217 4398
720 3192
1608 720
193 3260
3750 3192
4043 3260
1801 720
4489 1608
2186 193
2063 3192
4171 2186
2084 3192
771 2186
2302 2608
3673 2608
1201 2302
3960 4398
686 2608
10 1420
3440 3960
4539 4398
3687 3440
1819 3260
4766 10
3868 1420
3598 3868
2794 1420
3285 4766
3645 3285
4717 3868
3430 3285
1193 3260
3444 1420
2180 3430
2050 4717
2773 3430
4084 4398
3958 4084
2264 2180
107 1420
4596 1420
3425 107
3341 4596
695 2608
2520 3260
1032 2520
4759 1420
4085 1032
297 2520
1299 4759
4668 1032
3520 4668
3340 3520
1333 297
1855 1299
460 2608
1320 1333
796 1855
2627 1333
3917 4398
3256 460
2332 1420
569 2627
198 2608
183 3260
1157 3192
4252 3260
830 2608
4940 183
1576 1420
3540 2608
4857 1576
2403 2608
4615 4940
1147 4398
4805 4398
3096 1147
2568 3096
736 3096
3694 1420
4273 3096
1667 3192
3844 3260
3637 1667
2380 3192
2161 4273
3334 1420
1287 2161
1211 4398
1651 2161
1546 3192
119 3260
3484 4398
1300 1420
2634 1546
2502 4398
907 2502
2301 1420
3422 2301
3332 1420
2028 907
909 3332
3999 3422
1131 2028
2377 3999
3348 909
383 1420
4310 3999
2289 1420
3245 3348
2824 4310
3136 383
1585 3192
2486 3245
4199 2608
3277 2486
1842 1420
1430 3192
4072 1430
4724 1420
290 2608
804 3260
4082 4724
3738 290
956 3192
2825 4398
1691 3260
2150 1420
2467 956
4630 3192
4235 4630
4491 4398
3212 2150
3342 4398
426 1420
4867 3260
1660 2608
3375 1660
434 3375
2100 2608
1417 2608
2061 434
4622 4398
1995 3260
1326 2100
477 1420
4931 1326
4265 3192
4342 4265
1963 477
2149 4342
1013 3260
1121 1963
968 3192
515 3192
2727 1121
4966 968
1605 3192
1219 1420
2006 2727
2864 4966
1216 3260
1404 1420
3948 2006
633 3192
4669 2864
4996 3192
1214 1420
2385 633
1515 3260
1620 4669
1548 1620
196 2385
1517 3260
499 2608
2118 1548
432 4398
57 1420
3000 2118
244 499
4671 1420
3 4671
1498 3000
3087 244
2106 2608
3274 3
1413 2608
2207 2608
924 2106
1844 4398
3507 3274
1556 1413
3008 2608
1507 4398
4553 3008
990 3008
4191 990
1559 2608
4451 4553
4904 4191
3879 3260
3479 4398
3639 1559
1771 4904
3456 3260
172 3879
2657 1771
2209 3456
1677 3260
18 1677
553 4398
4862 18
4579 4398
4705 3260
3216 4705
1002 553
2814 4705
1927 1002
3377 1927
2387 3260
732 4398
1203 3377
4384 3377
3123 4398
4972 2608
4233 1420
4087 3123
4132 2608
3684 4398
1142 4132
571 4087
219 3260
588 4132
4744 4398
4425 3192
3541 3192
997 2608
3085 2608
4457 2608
392 3192
4484 4457
3668 2608
2678 3260
1582 4398
2599 2608
1054 2599
1105 3192
1431 3260
379 1582
3504 3192
1697 1054
2117 3260
1609 4398
3892 1420
4036 1420
2729 1420
2003 3892
1339 3192
589 2729
2646 1420
4908 3260
1931 589
1358 4398
4439 1931
3592 4439
1757 3192
1627 1931
1756 2608
817 1420
2351 1627
1835 4398
3061 1756
143 3260
3616 2608
3883 2351
4839 3260
3046 3616
3722 2608
1001 3616
4785 3722
3764 2608
1060 3192
1042 3722
4998 1060
939 4398
2239 1042
1258 939
2807 2608
3803 1420
957 4398
3880 1420
2799 2608
860 3260
4997 860
4911 957
4806 3260
4248 4806
3878 3192
714 4398
2127 4911
913 3878
607 4248
2399 2608
2268 4398
1527 4398
4408 2268
2488 2399
604 2399
2409 2488
1077 604
4302 4398
4003 3192
380 1077
2851 2409
4223 380
3716 2851
3113 3260
1040 3716
3163 1420
4709 2608
4833 2608
2912 3113
4329 4833
4830 3163
2068 2608
972 2068
2386 3192
2103 4830
4821 3192
2697 2103
1593 3260
3818 4821
3158 3192
4337 3192
1562 4337
3288 3158
3744 1420
3595 1562
4953 3192
4118 1562
3804 3744
3741 3260
2002 4118
2266 2002
1879 3804
1093 2608
3250 2266
3349 1093
4634 4398
2394 4634
3006 4398
2008 4398
3994 4634
4546 2008
4563 3994
3511 3006
1459 3994
1684 3192
1173 3511
676 1459
4959 2608
3501 4398
1182 1173
1383 3192
1172 3260
1079 1182
420 3260
2421 1420
3706 4398
631 3706
3693 4398
3485 2608
356 3260
772 3693
46 3260
3913 2608
4390 772
3308 1420
3947 2608
1621 3192
4639 3192
2443 3192
4882 2443
1238 1420
3902 2608
2826 4639
2311 2443
4067 1420
4068 3260
4577 2608
4348 2608
1476 4068
2975 4577
4042 4577
4506 4042
4148 4348
3895 2975
3949 3260
4477 2608
3058 4398
3463 3949
4824 3058
1596 3949
2129 2608
947 3058
3466 1420
2992 2608
170 3466
4711 947
2404 3466
2764 4711
2212 2404
1353 2764
12 1353
450 2212
1811 1353
2588 450
2367 450
4378 2367
4375 3192
2293 3260
4769 2608
485 1420
4154 4378
4568 3192
2581 4154
602 3260
4909 485
2114 3260
3805 4568
2371 3260
3627 2114
1535 4398
2297 3192
201 1535
4301 201
645 201
4620 1535
4520 2608
3605 3192
534 3192
350 3605
1041 4520
2910 2608
2132 2608
237 3260
3476 237
3268 237
2926 1420
3254 2132
4905 3268
3950 3260
3351 2926
3678 3254
2690 3950
1472 4905
3088 1472
1260 2608
279 1472
4591 1472
257 4398
453 4591
4478 1260
1015 279
2720 2608
3842 1015
223 2608
718 4478
2123 4398
1908 4398
3493 2608
2494 3493
1249 3192
41 1908
3872 1420
821 4398
2496 2494
1010 3872
3365 3192
4121 3260
2360 1420
1859 3365
1034 1010
1813 1859
2572 1034
3599 1813
1005 1034
4137 1034
4122 4398
982 3260
138 3599
4114 4398
2279 3192
403 3192
876 4398
4057 138
3529 3260
3681 876
1509 403
3777 3192
4516 1509
2261 3260
3863 2261
1027 4516
2758 2608
2277 3863
3296 4398
910 3260
1031 3296
1017 3296
767 4398
2233 1420
2083 2608
2710 4398
3307 3192
1087 2083
617 2233
4253 617
1674 3192
702 1420
3954 4398
753 3192
4070 3260
2142 753
233 753
625 4398
2558 625
4189 625
551 3192
3582 2608
94 551
3036 3582
809 4189
1340 4398
4707 3036
3326 809
4158 3326
400 4398
157 3192
3683 4707
2775 2608
1007 4158
445 400
101 3192
3011 2775
4729 3260
2134 1420
2545 4398
1243 2134
4355 3011
3366 1420
512 4355
3568 1243
4002 1243
4318 1420
2175 512
4896 512
3317 4002
4773 2175
3490 3260
1895 4896
2337 3260
2969 3260
4231 3490
1520 3490
4396 4231
1050 4231
2802 1050
2071 4398
1237 2802
2194 4398
1543 3260
2944 2194
2459 1543
2986 3260
4567 1543
921 2608
3160 2459
4347 3192
3224 4567
1364 921
4753 4398
1246 1364
3183 3192
4475 1246
3810 3183
2543 1420
4585 2608
3993 3192
2269 4398
1903 3260
2872 2543
590 3260
1480 3192
1753 1480
1839 590
3321 1480
886 2608
1186 3321
4448 1420
3453 1839
1272 3321
4150 3192
1694 1186
1720 4150
4140 4150
4967 4398
2760 4150
3357 3192
1239 3357
3782 4398
4293 4967
3494 1420
1832 2608
483 1832
2452 2608
2711 1420
116 1832
4572 116
1912 116
4955 4572
2820 116
3191 116
1999 1420
2317 1999
728 3192
4053 728
2354 3192
132 3192
1310 132
1295 1310
881 4053
3275 3192
2705 132
2054 1310
1244 4398
1624 1244
4266 4398
4810 2054
3197 4398
4816 4810
4814 3192
221 2608
542 4814
3957 3260
4523 4816
1120 221
946 1120
3178 1120
3091 1120
2607 2608
1308 4398
516 946
4564 3192
2245 4398
1868 2607
1671 4564
2383 1420
3664 4398
1422 2608
3369 1422
2437 2383
4026 4398
2754 4026
2977 2608
1058 3369
2116 3192
1953 2116
1495 3192
1175 2977
675 1175
421 4398
1721 3192
3465 3260
3642 421
1550 421
2397 1550
3759 1420
4356 3260
1932 2608
4282 4356
2536 3260
2283 1932
1250 3192
76 1250
4856 2283
3336 4398
4642 2608
905 3192
4977 4856
822 4856
1026 3336
446 2608
4254 822
1841 822
496 3192
1772 1420
291 1772
3143 2608
2746 1772
959 1420
941 1420
3538 3143
1503 941
317 1420
4575 4398
1273 3260
1321 3538
725 1321
2509 3260
4515 725
3445 4398
1167 3260
2168 3445
4703 1167
4428 3260
1288 3445
1492 4703
253 1288
2000 253
4445 3192
3566 2608
3025 3566
482 1420
1701 4445
3676 3260
4162 4398
600 482
4416 4398
4095 4416
3834 3676
2585 3192
1533 2608
1900 3834
3389 3260
3193 3192
1043 2585
4906 1420
4843 1900
878 4398
2507 3193
3049 2608
618 878
1632 2608
3573 2507
2643 3573
4677 2643
1151 4398
1447 4677
3066 1447
2450 1447
414 3192
2306 2608
508 3066
4619 3066
228 2306
620 3192
4845 1420
1938 228
4841 4845
2309 3192
3475 3260
3314 2608
4780 3475
3636 3475
114 3475
4536 3314
1195 4536
3542 3636
3354 3260
1869 1195
2223 3192
610 1195
422 2608
4453 422
4670 3192
1409 422
3755 1409
2342 4670
130 2342
424 3260
4994 2342
3004 2342
117 4398
2055 2608
795 424
2823 3192
1725 2823
1388 1725
293 3192
4818 1420
3293 293
579 293
1679 1420
4870 4398
3669 3192
1254 3293
2905 579
640 2905
4024 3669
312 2608
1622 1254
3987 312
1078 3192
4735 3987
53 3987
3310 4398
2810 3260
2382 3192
386 53
1768 3192
2258 2608
4704 2382
1991 3192
1945 1768
1479 1991
99 1479
3142 1420
4990 1420
4817 3192
3015 3192
2095 4398
3860 4817
1878 3260
4719 3015
4732 3860
3791 3860
234 2608
4350 1420
2631 3791
2073 4732
1255 3192
1595 2608
945 3192
2176 3260
236 1255
3715 1255
266 2176
300 3715
2316 2608
478 300
502 3260
4781 502
672 300
4964 1420
1325 4398
2704 3260
698 2704
3829 4964
4241 1325
2487 4241
176 2704
3856 3260
4915 3856
1297 4241
3253 2487
555 1420
2916 4915
3866 2916
4210 3260
3650 1420
688 3260
2909 1420
2913 3866
1766 2608
3708 3192
216 4398
4033 4398
2778 3192
2722 1766
3574 1420
1236 2778
2611 3574
493 2722
2130 2608
1501 4398
3175 3192
2133 2611
1434 3192
4007 2133
3620 1420
4730 1434
4586 1434
1724 3260
3660 3192
4320 4730
4930 1420
285 4586
1427 3192
1880 1420
1750 3260
230 3192
1510 285
1964 1750
1305 1880
3164 3192
1619 230
3418 1305
2941 3192
4859 3418
3483 2941
2930 1619
2222 2608
2192 1420
3990 2608
1140 3192
4929 3260
4196 2608
2413 2608
4542 4196
678 2413
1436 2608
1564 3260
278 678
1782 1436
4706 1436
3760 4398
1444 4398
2060 2608
1837 1420
826 3260
1268 2060
4760 2608
351 4760
2747 2608
4498 4760
2713 2747
4493 3260
983 351
2667 4498
2801 4398
2189 4493
1414 3192
3345 4398
1710 1414
2213 2801
661 1710
2790 1420
96 3260
4495 96
4718 2790
4389 96
4672 1420
2425 4718
680 3192
4633 4398
1307 4672
2053 3192
1994 2608
191 4633
2857 191
1928 1994
1107 3260
470 1994
2165 2608
2164 3260
375 1420
2438 3260
2064 2164
3203 2164
3952 3260
208 2438
3306 1420
4459 3203
3411 3192
1948 2608
4693 3260
4893 1948
1989 1420
794 4398
341 1420
3781 3192
1449 2608
4035 3781
3644 794
3661 3260
3174 4035
2378 4035
606 3192
3488 3174
3588 4398
2600 2378
1534 2608
3339 3192
4531 1420
3102 3339
4025 3339
707 2608
1471 3339
4746 707
4679 3102
2559 4746
2276 2559
2480 2559
1180 1420
4094 2559
520 3260
2135 2608
1280 1420
2065 4398
1190 520
586 2608
2376 4398
1189 3260
2195 586
2920 3192
417 2376
4187 2376
4716 2195
3884 1420
3284 417
1178 4187
712 1420
1630 3260
4889 1178
1666 4398
7 712
1070 2608
2873 1070
3926 1070
1460 4398
3638 2873
2771 3192
953 3260
1352 953
4208 1460
637 1352
2318 4398
1976 4398
1736 1352
4527 2608
1378 2318
3657 3260
4296 3657
706 2608
441 1378
1115 4398
48 1420
2128 3192
1918 3192
1499 48
2745 2608
2724 3192
3374 2745
815 4398
1381 3192
535 2608
1623 1420
3110 3374
2025 1623
4039 3192
993 4398
775 3110
2137 3192
1970 2137
4485 3192
304 993
3219 4398
1282 3260
4624 2608
23 1282
2563 304
2689 2608
185 23
1029 185
1011 23
2489 1029
935 185
2809 3192
1521 3260
4013 3192
1954 3192
4895 4398
926 2608
3243 1420
1802 3260
4146 3243
4566 2608
792 3192
3552 3243
547 3552
131 1420
3835 3260
1335 547
729 3835
2811 4398
2523 2608
684 1335
808 2608
4654 729
3094 684
1052 3094
1470 3260
4884 3192
776 1420
3304 3260
4731 3260
2229 1420
3869 2229
3147 3869
2548 3147
2327 3147
981 3869
2591 3869
4427 3147
1221 2591
4127 1221
624 4398
4268 3192
2326 1221
255 4127
1604 2608
4559 255
2231 1604
1791 4398
3613 2231
2981 4559
4203 3613
3831 3260
3172 1420
1776 3260
3966 3831
2217 3260
336 1420
2278 3260
3302 2278
3821 4398
4736 3192
501 3260
1437 1420
2193 3260
4788 1420
2478 501
3696 1420
2482 4788
912 1420
3532 2478
1708 3192
2712 1708
282 3260
1217 3532
4371 4398
3155 4371
1874 1217
3955 1420
1494 3192
4089 3955
1323 3155
3703 3192
1212 3260
902 3192
609 3703
3602 1323
2508 1420
468 609
4156 902
1961 2608
1253 3260
3654 468
3816 4156
1452 3816
779 4398
2078 1420
666 1420
4421 3192
1259 3260
3705 2608
1583 4421
3070 3705
1454 3260
4678 1259
4000 1454
2126 4678
578 3192
4099 2126
3145 578
3980 1420
381 4398
3601 3260
2042 2608
3612 2608
2030 1420
2881 4398
4949 4398
4022 2042
3448 3612
3899 2030
986 4022
758 3899
2719 3260
3982 3899
1764 3192
4836 2608
594 4836
2691 3192
4558 1764
2950 2691
1645 4558
1396 2691
4126 3260
991 4398
1967 3192
4354 2608
4897 4126
2511 4897
899 4897
4635 3192
3207 4635
3850 4635
3730 3207
2779 3850
4604 1420
2766 3730
1354 1420
4011 4604
4774 4398
98 1420
39 2766
2015 4011
1496 1420
2101 4774
2970 2101
1884 39
2618 3260
3989 4398
1276 1884
2780 4398
2253 3192
3509 2608
4470 2780
1380 1420
892 2608
1682 892
1616 1682
4387 1616
4272 4387
316 4387
4548 4398
1411 1616
1920 4272
1082 3260
1741 4548
2513 1920
2795 1411
3330 2795
463 2795
4109 1420
1876 463
2948 3192
2155 3260
4292 2948
2097 2608
2366 1420
874 2948
3935 2097
4164 3192
1800 4398
4454 1800
3539 4398
1899 4164
2013 1800
660 1800
1229 3260
1831 2608
4547 1420
1998 4547
2121 3260
721 2121
1690 1998
2753 2121
2867 3192
3427 2753
4938 2867
3838 1690
1958 3838
81 4938
691 3427
3220 2608
3186 3260
3109 3192
4201 4398
3629 3109
627 4398
621 3192
1461 4201
3232 3260
1896 621
169 3192
3594 4398
1372 3232
2435 3594
4426 3192
4376 2435
1657 4398
3292 4376
4112 1657
2984 3292
1754 3292
124 3292
3916 2984
2340 4398
3570 124
2075 4398
1110 4398
1357 3192
2291 2075
1134 2291
2490 1110
2976 1420
2695 2291
1591 2976
1342 2976
411 1591
2395 1591
1686 3260
4737 411
739 3192
4468 411
696 4468
1424 3260
3346 3260
1458 2608
654 4468
802 3346
4487 802
2335 802
226 654
1942 226
2458 2608
4467 226
4081 1420
533 1420
966 1420
1252 3192
4213 3260
4858 3260
4016 966
671 3260
4631 4398
121 3260
1652 1420
3259 3192
2565 671
4259 4398
1935 3260
2774 3259
85 3259
3572 3192
3915 85
699 1420
1138 3192
755 1420
662 4398
1369 662
1324 662
3887 2608
1356 1420
328 1420
2566 3260
4392 1324
2888 328
4919 3192
4405 2608
4942 4919
3442 1420
3571 3192
3173 3442
2098 4942
2564 4942
2751 2608
3882 2608
3067 2751
2651 3882
4490 3192
2141 4398
3893 4398
308 3067
3410 308
854 3410
1779 2141
768 3260
1170 1779
2432 854
3943 768
8 1779
2250 1420
1141 2608
2182 2250
2402 2608
2616 2182
648 4398
2464 1141
715 2402
3396 715
272 3396
3522 2464
704 3260
1267 4398
3909 3522
931 3522
1683 931
2321 1420
1957 3192
3276 931
851 3260
2577 3260
2336 851
4407 1957
4458 3260
4229 3260
4166 2577
2821 4407
3894 3260
615 4458
3437 1420
180 3192
2938 615
597 1420
3215 615
1698 3260
3106 2938
4789 2608
4597 2608
4264 4398
4917 4597
839 4398
3024 3260
3788 3192
4029 4264
1555 1420
4236 3192
1848 2608
3294 4029
314 4236
3632 2608
2024 3260
963 314
4610 2024
2664 4398
3591 2664
1153 4398
3873 2664
289 4610
3012 3591
1379 3012
2183 1420
2262 3260
3709 3260
1885 3012
1191 3709
476 3709
3977 3709
3720 1885
1606 3977
3171 4398
538 3260
2777 2608
967 3171
4055 4398
283 1420
2308 3192
1888 2608
2048 2608
4269 2048
3691 4398
1644 4269
3543 2608
2756 1420
4849 1420
3394 2608
2312 1420
4570 3260
4031 2756
1327 3192
3198 1327
2619 3198
4219 1327
3828 4031
4589 2608
3871 3260
1513 4219
4240 4398
3056 2608
1571 1513
4080 3056
807 2608
3035 4240
2188 4398
1941 3192
4640 3192
4411 807
3033 3192
2995 3260
1119 3192
2256 1119
3904 1119
135 2256
3787 3260
918 3787
2978 3787
2731 2978
3131 2978
140 2978
906 2978
1693 2978
3698 4398
1821 2608
4417 4398
4700 1693
1405 3192
733 3260
519 1821
3945 2608
271 1420
3998 3945
105 3260
1044 3998
4655 1420
3077 1420
955 3998
4923 4398
3840 3260
1183 3077
3533 955
158 2608
4333 4398
1202 2608
4937 1183
1292 158
2197 4398
3280 4937
558 4398
3672 558
3390 3192
2181 3260
1477 558
4303 3260
484 1477
2242 4303
2827 1477
500 484
164 500
4578 2608
4807 3192
2531 4398
3753 2531
3925 3192
3247 3753
4221 3192
4664 3925
247 3260
1742 3192
2796 1420
4476 2796
3690 247
4802 247
4832 4476
3812 3690
4281 1420
1284 4281
2052 4802
3238 2052
4924 2608
2831 1284
2919 3260
4214 3192
651 2831
4251 4214
4666 3192
2453 4251
2227 2608
206 3260
4594 2227
2603 206
1227 4398
4423 4594
1745 4398
1089 1420
1936 1227
3548 2608
2842 3548
3021 2842
466 3021
4437 1420
572 3260
2586 4398
3942 3260
543 4398
2686 4437
2540 3260
1334 1420
3140 3192
4861 3192
716 3192
4239 3192
2596 716
2154 716
1075 4861
3923 3260
3031 3192
2655 2596
3184 2655
940 4398
1786 1420
1711 940
4015 4398
3700 3192
2066 4015
4607 3192
2362 3260
4340 1420
1810 4340
4847 2066
1823 4398
1063 4847
295 4340
2234 1810
3905 2234
22 295
4637 4398
2224 1420
1525 3260
4116 22
1196 4637
3169 4398
4865 2224
416 4116
1921 416
3266 3192
4863 3260
1922 416
667 1420
2179 4863
1365 4863
1849 4863
3194 1365
1312 2608
27 4398
999 1312
1558 3192
3849 1312
1245 27
451 3849
2854 1558
3809 4398
3380 3809
38 451
1130 38
1904 2608
4175 3809
1692 3192
3937 3260
21 3192
1061 1904
1829 4175
2012 3260
2630 3260
4740 1061
3663 4398
33 2608
1681 2608
2877 2630
2412 4740
3967 33
2783 2608
1662 3192
408 3967
4992 2608
2331 2783
4783 3260
4079 3192
2813 4398
949 4398
2430 2813
658 2608
177 2813
2088 949
3515 2430
3187 2088
1699 2608
108 3192
4462 108
4791 108
3315 1420
3257 4398
4777 108
3335 4791
944 1420
4230 2608
3162 3192
1277 1420
3003 2608
1971 3003
3510 4398
4860 3510
4609 3510
2956 4609
4409 1971
3754 4409
4951 3754
394 1420
1136 4951
3979 1136
2131 3754
862 3192
1774 1420
1181 3260
2031 3979
3347 1181
2389 2031
4414 3347
4652 3192
2871 3347
3619 4414
601 4398
3934 1420
4377 3192
399 3934
3228 1420
2525 3260
2973 3228
3176 3228
2837 4398
3633 2837
80 3633
4300 2608
3414 4300
840 4398
4993 3192
296 840
2014 296
3148 1420
833 2014
3587 2014
3421 4398
2396 3192
4745 3148
1815 2396
3353 4745
2296 1815
1478 3260
4573 3192
1852 4398
1426 4398
536 1420
2939 3260
1263 4573
2483 1852
1539 3260
911 1263
56 1420
2479 911
2555 3260
4518 3192
1366 911
4854 1366
3951 3260
3261 3192
4756 3260
3002 1420
1862 3192
1641 3951
545 3260
3800 4756
1557 1862
3794 1641
4364 3260
1419 3800
4372 3260
1981 4398
2422 2608
4903 3192
2499 3192
1968 4903
75 4398
3901 3260
3531 2608
2728 3531
831 4398
339 4398
3830 3901
2436 2728
3898 831
2550 2436
754 3830
1808 3260
539 2608
4881 1420
402 539
333 1808
1796 1420
2156 539
681 1796
1389 2608
2434 681
2923 2156
2415 2156
820 3260
4927 1389
1915 4398
2102 1420
4995 2608
245 4995
4751 4995
2694 2102
3097 2102
1532 2608
4059 1532
890 1532
1716 890
4592 3192
4852 890
3007 4592
2419 2608
220 3007
229 3260
869 4398
2448 229
365 4398
3624 3260
4424 1420
3577 2448
4582 2448
769 3260
896 1420
4660 3192
4314 4398
3138 4582
4676 1420
2010 4676
2219 4398
2162 4398
1615 1420
1570 4676
259 4398
563 3192
3793 2608
231 1420
1278 3793
1977 3192
2526 1278
3398 4398
3356 2526
3068 2608
3137 3260
4391 4398
3790 3398
1663 1420
2659 3192
2497 1663
67 4398
122 2608
3729 2497
1442 4398
565 1442
2701 67
847 2608
2670 847
3122 1420
2384 2670
3429 1420
3388 2608
3166 1420
1926 3388
3740 3192
4980 2608
4645 3740
3047 3740
393 1420
4113 2608
2800 393
2936 3047
895 2608
3643 4113
3615 895
148 2800
1162 3643
4975 895
1649 1420
3728 4975
4598 1649
3457 1420
4803 4398
4397 2608
3252 4398
141 4397
492 3457
1125 4803
2660 2608
503 4398
2265 3192
4956 3192
3767 3192
3640 3767
3751 4398
3397 3260
764 3260
4260 2608
3837 3260
2791 3397
1553 3192
1116 4260
276 3192
2034 1116
689 1420
3128 3260
3244 1116
3867 2608
4190 3867
428 3128
1635 428
3956 428
521 1635
2918 4190
3043 1420
3034 1635
4743 4398
3734 2608
1625 3043
4885 3034
2633 3034
4419 4398
24 2633
25 4885
319 4885
4722 4398
4608 4419
373 1420
1536 373
1584 4608
2654 4608
467 1584
1073 2654
2310 3260
159 1420
2215 1073
3811 4398
2605 2310
1658 2215
3859 2215
1861 1420
598 2605
4353 3859
1154 1861
3653 4398
3680 3653
2562 598
4950 4398
2039 1420
3249 4950
705 2562
2057 3249
325 2057
2246 4398
3992 3192
462 2246
2190 3260
1224 2246
1118 3192
3001 1224
904 3001
265 4398
2417 904
1601 3001
1639 3192
1572 265
4188 2608
3486 3260
4174 4188
4073 3260
2303 4188
3189 1420
4103 1420
4182 4073
3910 4103
1979 3189
823 3189
4474 4398
1055 3260
3659 823
2307 823
4627 1420
891 2307
175 3192
1930 1420
1448 2307
4778 891
2530 175
819 4398
3622 3192
1850 4398
4290 4398
532 1850
934 3622
2698 1850
90 532
4021 934
694 2698
3404 90
1374 694
1241 1420
2267 1241
3093 694
4943 4398
2982 1241
4969 3093
1516 2608
3626 3192
4907 3626
3495 4398
4663 1420
218 1420
2598 4398
3370 3260
3264 2608
268 218
4046 3370
1752 4046
4583 4046
2022 3264
1265 2022
697 4046
106 3260
2752 4398
1911 106
2298 2752
2466 4398
1038 1911
3670 1911
4555 1420
1314 2466
2718 4555
2230 2608
2862 2230
1076 2862
3885 2230
951 3260
84 3192
3060 2608
1018 1076
4117 84
2661 951
2726 1420
4271 2726
3688 4398
3329 4398
2951 2608
1717 3688
3100 2951
3117 3688
3600 4398
3823 3117
1274 3100
3115 2608
3752 1274
3846 3115
4010 3260
871 3260
1318 3846
1872 3192
1350 4398
4883 2608
4796 1420
2853 1350
479 2853
3382 2853
3146 3192
2368 1420
2933 479
3040 3260
3029 3260
1440 3146
727 3029
2733 727
861 2733
3897 727
45 1420
2578 3260
3441 861
1176 3192
4064 4398
1363 1420
989 3441
4770 989
2759 2608
1777 1420
2330 2759
1760 1420
1128 2330
3450 1420
1081 1128
1223 4398
644 1128
2904 4398
3712 3260
5 2608
2580 3712
2732 4398
4129 2608
3371 5
4644 5
212 3371
2964 3192
1185 3192
3262 3192
1789 3260
2153 1420
3710 3262
3401 1789
3409 3260
2045 1789
4625 1420
2789 3260
1306 3401
3940 2608
930 2608
3156 1306
2647 1306
4149 4398
3269 3940
1155 1420
2612 1155
3502 4398
269 3260
3745 269
2254 2612
2896 4398
2442 2896
1429 2442
1996 2442
2931 2896
868 2608
65 1420
2865 3192
1803 65
2089 3260
423 65
3223 3192
3125 3192
2398 1803
1530 3125
62 4398
2171 4398
1508 3260
3525 1420
943 1420
4319 62
2019 1420
2338 4398
2104 2019
2582 2608
564 4319
3399 2582
1311 564
813 3260
2472 1420
3177 1311
3287 4398
197 2472
4069 2608
4792 3177
14 1420
202 14
1453 4069
2843 4792
334 4792
3472 2608
1805 3472
52 2608
3130 52
1065 3472
1200 4398
2755 1065
1025 2755
1080 4398
3309 2608
1566 2608
2841 3309
4590 3260
323 4590
2567 323
2649 1420
3320 2649
4913 3320
1731 2567
3470 3260
3853 3470
1204 4398
4571 1420
1433 3470
3667 3853
3037 3260
4876 3667
474 4876
15 2608
3290 474
4957 15
4023 4876
649 2608
3391 3192
3055 2608
4382 2608
3692 3260
2522 2608
2500 4382
2322 3692
685 2522
4343 2500
2574 2608
1104 3192
3537 3260
1117 1104
442 1117
2208 2574
2908 3260
4878 2208
43 2208
2573 4398
1313 3260
3045 1420
155 2608
4169 2573
3230 2573
2551 4169
194 3230
357 4169
1866 194
2021 1420
464 357
2963 3192
1465 1866
1004 2608
4501 2021
2428 3192
1309 1465
595 2608
1713 2608
3469 4398
2211 3260
506 3192
4873 4398
91 1420
711 3192
439 4873
4051 3192
4899 3192
3517 711
2623 4051
4782 4398
3801 4899
3291 4899
145 3260
2949 145
561 4398
3206 145
1886 3206
3851 2949
1578 3851
2375 3260
2534 3851
2074 3851
4381 2074
2447 1578
1966 2608
4380 4398
154 1966
734 1966
2542 3192
3487 734
4526 4398
3322 3192
1891 4398
616 4398
419 1891
525 419
774 1420
1497 3192
448 525
2446 3260
210 2446
3906 2608
4941 2446
3443 2608
4723 3443
626 4941
3763 4398
761 2608
3737 4398
629 3737
182 761
173 3192
2515 2608
2304 4398
3473 3260
3768 1420
3747 2608
1602 3192
549 3260
2313 3192
9 3747
1124 2608
2736 3260
4525 9
2859 4398
1205 4525
975 4525
129 4398
3105 1205
4511 2608
1194 975
1587 1194
1840 1587
2891 3105
3200 2891
3134 2608
4143 2608
4601 4398
643 3192
4338 3200
4291 2608
349 4338
1923 349
410 643
86 3260
1554 86
2305 86
3118 2608
900 1554
650 1554
2740 4398
4450 2305
4418 2740
2091 4450
853 3260
2124 4450
2468 4398
4125 4418
3924 3260
1097 2608
562 1097
371 3260
713 4125
2286 371
3090 2286
2112 371
2147 1420
3848 4398
4616 3192
4155 3192
1910 3848
92 3192
3519 1420
2221 3519
3103 4155
4886 1910
3416 2608
1974 3519
2609 2221
401 2608
3792 2608
2122 1974
3674 3260
1344 3674
1744 3260
1668 2608
3603 1344
4569 3674
1892 4398
315 3192
144 1668
2878 2608
2748 1892
2424 2748
829 2878
4599 2748
1482 2424
4403 829
4461 829
2408 1420
747 4398
4048 4398
3403 4048
413 747
2111 2408
1432 2608
187 2111
49 4398
3016 413
2668 3260
1391 2668
3265 187
2645 2668
4835 2608
3424 4835
1225 1391
1264 3192
2776 2645
1723 1264
2788 3424
2832 4398
1933 3260
120 2788
1490 4398
938 120
1551 3192
1028 1551
318 2608
897 3192
2328 3260
2341 1420
2391 2341
1617 2608
1638 4398
1347 1617
3412 1638
458 2391
4939 3412
1376 3260
1398 458
605 1420
190 4939
701 4398
2290 1398
664 3260
494 701
1159 701
4848 2290
2911 3192
3361 2608
204 2911
2339 2608
1393 3361
3237 3260
2260 2608
3847 1420
440 2608
4961 3847
1664 440
3931 1664
171 3260
2018 3260
1144 2608
4898 4398
348 2018
985 3260
4984 985
4581 985
1670 4898
3826 2608
2361 1420
2358 2361
596 2361
3623 2361
4047 2361
3797 2361
3127 2608
3195 4047
1208 4047
690 3127
4983 3192
1846 4983
514 4983
4761 4983
710 1420
4316 514
4874 710
4410 3260
4027 710
4274 4410
2077 4874
4198 2608
153 4198
3713 4274
2225 4398
646 3260
3407 2608
306 646
4855 3192
1046 306
4632 1046
584 1046
3376 584
1361 4632
1986 3192
167 3376
4243 4398
2011 4398
4133 4243
877 4398
4900 4398
4288 4133
165 4288
757 4398
111 3260
744 3192
799 3260
2113 3260
1192 3192
4765 3192
2785 1420
2860 2113
3547 2785
4473 3260
454 3260
522 4398
653 454
4161 454
2348 4161
3608 522
3918 4398
456 3918
2370 2348
1283 3918
3903 1283
338 2370
3270 2608
4224 3270
3865 3260
387 3260
2549 3260
2144 4398
1547 3192
3689 4398
2201 3689
1033 2201
2769 3192
872 2769
4901 4398
888 1420
1099 1420
249 4398
3518 3192
6 1099
4480 1420
2593 3192
801 4398
1171 801
3997 1420
4933 4480
3569 4398
1734 4933
2738 4398
4840 2738
3062 1734
2946 4840
581 2738
3610 1420
2090 3192
4447 1420
964 3260
66 964
3888 2090
3271 3888
4696 4447
222 3888
3766 4398
1990 3271
3098 3192
3886 3098
3167 1420
1882 3886
2152 1990
1838 3886
2080 3886
3724 3260
3630 2080
2228 1838
894 3630
147 3192
254 1420
1271 3630
4916 1271
2495 4398
4362 1271
932 2608
3920 4362
4151 3920
1847 2608
4979 2608
4009 1847
1610 3192
3857 4398
887 3260
635 4979
3551 4398
2473 3551
3408 2608
3020 635
4887 3192
2085 4887
4412 3408
4688 3408
2893 3020
742 2608
4193 2608
3733 3260
3912 4398
4825 4398
814 4398
4369 3260
2744 3733
4385 1420
2834 3260
4522 4398
2902 2744
1425 3260
1289 4385
3386 1289
511 2902
3769 3386
3075 1289
3298 3192
4152 3386
3121 3075
396 4152
2721 2608
429 2721
4728 3260
4809 3121
3431 4728
4721 3260
1462 3431
3832 4721
1502 3431
498 1502
2196 1502
3921 4398
3647 1420
4111 3647
1261 3192
4691 3260
452 1261
4315 3647
1748 4398
2470 3192
3506 3260
4535 2470
2287 4315
192 2287
1629 2470
2357 3506
4812 2357
473 4812
1177 4398
1304 473
1685 3260
3305 1177
1402 1420
2830 1177
4831 2830
960 2608
2125 960
587 2608
3363 3260
1199 960
2942 1199
3778 2125
2504 4398
3385 2608
1887 3778
2819 3385
2870 2608
2420 2608
3772 2870
1270 1887
377 2608
4686 2420
2143 3772
3655 4398
3874 1270
73 3192
1987 3260
4434 4398
1898 3260
3516 4434
1123 3260
3944 2608
2532 3944
570 1420
1589 1420
1992 570
490 4398
1443 570
865 3260
593 3192
984 4398
4083 3192
4976 3260
3208 1420
2381 3260
2844 1420
2861 3260
3086 3260
668 2381
2737 3260
1367 4398
1145 1420
4872 1145
4359 1367
1714 3192
4828 1145
2157 3260
3978 1714
2615 3192
3634 3978
2735 3260
2709 3260
353 2735
3051 2709
2836 353
51 1420
1228 353
2096 353
4661 2096
1474 1228
2485 4398
518 3260
1256 1420
2087 2485
2159 2485
2757 518
3372 2159
4339 3372
4714 3372
2462 3260
3324 3260
3432 3372
3908 1420
870 1420
1341 2608
3059 1420
4107 3059
1168 4398
4278 2608
4920 3192
4456 4278
642 4107
2669 4278
3695 4398
3508 4920
2924 4398
980 2669
3968 2924
3631 3508
2151 3508
374 2608
3499 3192
139 374
2174 3499
4049 2174
2552 374
2081 3499
2365 4398
168 2552
2696 1420
1485 168
4435 4398
4829 1420
367 1420
4648 2696
3180 4648
3072 4648
3914 3180
3073 2608
3078 3072
3080 3192
1612 2608
3621 3073
3562 1420
750 4398
4172 3621
1174 4172
3635 1174
4497 3562
3286 4497
2672 4172
852 2672
1423 3260
1545 4497
1718 3286
3845 1718
3379 3260
3973 1545
2928 3845
2058 3260
2684 2928
2299 2684
1642 2299
846 1420
4041 846
1755 3260
2249 2608
3300 1755
142 1755
1704 1755
3558 142
4549 3300
292 1704
13 3192
128 4549
488 1420
756 488
1594 128
3069 3192
1337 1420
2835 3069
1248 1594
2945 3069
4106 3260
1580 2835
2517 4106
608 2517
4237 3192
2968 4398
2652 1420
2906 3260
1573 2968
2092 2608
2323 1420
3526 1420
4851 1420
1301 2608
1769 2323
2350 4851
2803 3260
3505 3192
4179 3505
3032 3505
2352 2803
3350 3192
3338 3032
2907 1420
560 3192
26 4398
1438 3338
4932 26
1787 26
1538 1420
2665 1787
4008 1538
4177 1420
1511 4398
1669 3192
1486 4008
3319 4177
2547 2608
2191 1511
4309 1420
2001 2191
2429 2608
3707 2191
4494 2001
4135 3260
4222 1420
2553 1420
2206 3260
2202 3192
1037 4398
961 2608
1091 2202
4675 2608
2985 1091
1626 1091
3263 3260
2583 2985
2879 2608
2288 2583
28 2608
978 2288
2840 2288
987 28
3861 28
1816 3861
3919 978
4944 2608
3584 3192
302 3584
2292 3584
3014 3919
2850 3584
4345 1420
1640 4398
3717 1640
4374 1640
933 1420
2620 1420
1386 2608
1483 4398
2198 4398
184 4398
2541 2198
1797 3192
3458 1420
2344 3458
4512 3458
866 1797
1735 2344
2965 2344
2272 866
4647 866
1806 2272
1949 4398
3742 2272
2681 1420
1676 3742
1319 1420
2237 3742
4005 4398
3082 1319
109 1319
3120 4398
4093 2237
3870 1420
4562 3870
217 3120
3211 3260
69 1420
673 3870
359 217
2516 217
1450 2608
1146 673
327 4398
4561 327
3052 2608
4702 327
1209 3260
391 4702
1156 2608
2793 1209
487 3192
1315 391
773 3192
4078 1315
1788 1420
1328 487
2673 3260
812 1420
1240 2673
2363 1328
227 2608
843 227
1163 3192
3331 2608
4695 843
1894 1420
137 4695
2869 137
920 2608
3814 3260
3563 2608
309 3563
3447 2869
3983 4398
4875 3447
4877 3192
544 3447
1346 3192
4532 3192
364 4398
3042 4532
1108 3192
3316 3042
3641 4532
4775 364
825 3316
1009 4775
4344 1420
3798 4344
3927 825
948 1420
4452 3192
541 4398
1730 3192
156 948
798 4398
834 2608
988 4398
4200 156
4797 4200
427 834
4739 3260
1913 2608
4413 3192
4257 3192
4186 3260
4999 3192
4361 4999
3928 4186
2158 4361
2244 2608
376 3192
1230 3260
4800 3260
406 4398
4978 1420
4708 1420
1542 3192
3607 4398
2393 3192
409 1542
2167 1420
4483 1542
2798 3607
1024 2393
4138 2167
1469 2608
1907 1024
3774 3260
181 1024
2903 1469
2957 4398
2679 181
4801 3192
2148 2608
898 4801
4681 898
2334 3192
1860 898
4768 4681
4020 4681
1316 3260
4144 1860
952 4020
665 4398
4945 952
2105 2608
2787 2105
4331 4945
3124 4398
4987 1420
303 1420
2917 3124
4507 2608
2169 4987
2576 4987
3991 4398
663 1420
3648 4398
510 3192
3890 3192
3618 1420
1854 3890
4386 3260
1019 3890
1519 3192
3378 1420
2604 4386
4168 3192
4004 1420
1733 2604
4764 2608
3500 3192
844 4398
837 1733
3985 3192
3438 3192
3682 2608
1563 3260
4399 3985
4147 3192
4947 3682
3196 1563
1008 4147
4212 1420
1392 4947
134 3260
3962 3260
1875 3260
4443 2608
4464 1875
2561 3260
2749 4398
782 4464
1597 782
3549 4464
4750 2561
517 782
207 1420
677 1420
3580 3260
4430 517
3474 3580
4245 4398
344 4398
2897 4245
1407 3474
717 2897
30 2897
2815 1407
4280 3192
2763 4280
3083 30
3786 30
115 1420
1634 4280
1111 3260
591 1420
1836 3192
3984 1111
3666 591
965 3260
4738 3192
4713 3984
1653 4398
3454 4738
3295 965
3731 3192
3833 3260
1706 3731
2693 4398
4173 4398
1057 3833
3723 1420
3658 1706
412 4398
2160 4398
1985 3723
3226 3260
4556 412
1126 3226
252 3192
2444 2608
3039 3192
848 3039
3907 3192
2240 4398
437 2240
2687 3039
3815 3907
61 3907
1505 3815
360 1420
1048 61
4694 3192
2274 1505
4142 3192
1188 360
3544 2274
4170 2608
1296 4170
2962 4170
2257 1296
3482 3544
1428 1296
2569 2962
95 2608
1785 1428
2138 4398
1688 95
3770 95
1421 2608
2426 3770
682 4398
1016 2426
299 4398
4741 4398
2390 2608
3022 1016
806 4741
603 4398
3911 3022
4699 4398
3535 806
32 3535
4954 3535
3017 3260
867 4398
1937 4398
313 4954
513 313
1727 3017
3417 1420
842 2608
2461 2608
1400 4398
1106 1420
1455 2608
954 842
1375 1106
3606 1375
3732 1106
4869 1375
2140 4869
824 3192
3775 3606
3936 2608
2449 4398
3464 3775
2528 2449
2439 1420
973 3192
2892 3192
70 4398
4985 70
471 4398
1817 4985
3976 1420
4517 70
2792 3260
4299 4517
465 2792
1021 4299
4936 4517
3153 4398
4819 3192
1579 3192
4297 3260
2642 3192
2210 2608
4415 3260
4880 2608
1929 2608
3795 4398
188 3260
942 4415
4656 942
4605 1420
719 188
1351 4605
4623 3260
4307 4623
1857 3192
1 1857
3081 4398
2671 4398
1997 1420
3891 3081
789 2671
2554 2608
687 2671
4287 687
1003 3260
3578 687
1678 4398
3596 3192
133 1420
3986 3192
1500 133
3104 3192
2506 133
979 1420
4725 3192
4180 3192
3550 2608
4341 3260
4197 1420
3048 3260
4611 3260
693 4341
3289 4398
3836 4611
3387 3289
2866 693
2465 4398
340 3192
2597 340
263 3192
29 2597
919 2465
4091 2608
623 29
1096 4398
2991 29
288 1096
354 4091
4748 1096
557 2608
1659 2608
2644 4398
735 4398
790 557
552 1420
2120 1659
1568 1420
4420 4398
3739 3260
2320 3192
1775 3260
4063 3192
2958 4420
4504 3260
2537 1775
4255 2537
3333 4398
3112 4255
1445 4255
4921 4255
3367 4921
1739 3192
4334 1420
3150 3367
2952 3260
528 3192
281 3192
4465 2952
20 3260
3609 2608
2119 2608
3392 1420
2990 2608
4794 3609
2501 2990
1650 2501
2492 2608
2880 2501
4311 3260
4499 3192
3240 4398
3862 2492
3057 3862
3557 3192
4720 4398
777 2608
4285 3557
2343 3057
203 777
2874 2343
4368 4398
4560 3192
3095 4560
4891 4560
418 2608
2967 3260
4444 3260
2915 3260
4827 4398
44 1420
3746 3192
2613 2915
4402 4398
397 44
3961 3746
1561 4402
270 1561
976 2608
3789 1561
2717 976
3628 2608
4674 2717
659 2717
1330 3789
3182 3260
2723 2608
2004 2723
337 3260
3107 3192
3995 3192
2275 1420
4228 3260
3825 4398
4687 2608
2765 3995
2734 3260
369 3192
3785 4398
1152 4687
1765 2765
4973 4398
2285 3785
3808 1765
4613 1765
4145 2608
2993 1420
1489 2285
1053 3260
2319 2993
2954 4398
3817 3192
3149 3260
1541 3149
3311 1541
1560 3192
2454 3260
74 1560
3972 4398
2235 3260
3297 2235
332 74
2204 3297
1166 4398
1067 3192
2648 1420
4726 3260
2889 1067
3820 3192
2632 3820
2364 3192
3528 1420
3579 2889
1628 3528
4754 2632
4332 1420
1441 1628
2560 4332
4313 2608
800 1420
1435 4313
1897 1435
385 2608
765 3260
1395 1435
1418 1897
908 385
1675 1395
2622 3192
1359 2622
2273 2622
4044 1675
1332 3192
1702 2608
4662 4398
2614 2608
3489 4398
4888 4662
4621 4398
3771 4888
3459 3771
2041 4621
4108 2041
238 3192
4742 2608
3010 3192
97 4742
3864 3192
4752 238
3523 3010
54 3192
1834 3864
3611 3260
2005 3611
370 1420
264 1834
1889 3192
1343 3611
4358 1420
1648 1420
404 4358
3030 3192
3726 1648
4038 1648
2932 3192
4346 4038
2238 1420
1406 2932
2589 3260
2730 2608
4795 2589
1232 1406
1703 1232
2997 2589
4820 4398
1901 3260
1113 1232
995 3260
592 1901
1071 1901
2007 1420
2110 4398
875 3192
301 3260
3393 3260
4684 301
4486 301
2200 875
1973 2200
1095 4398
3981 3260
1294 2200
2136 1294
3065 2608
287 3260
261 3065
4330 2136
2214 3065
2535 3260
3819 3192
1285 3819
1514 4330
225 2214
246 2535
4256 1285
4479 246
2284 3260
146 4398
2708 1420
3559 3192
3656 3192
1242 1420
2935 2608
548 3192
2471 1420
1083 3656
3718 1242
1581 3192
1481 3192
1473 3718
4234 1083
1487 3718
4406 2608
4574 1487
863 4406
2433 1420
3593 3192
928 3192
4646 863
4689 863
3364 928
3028 4646
1269 3192
1773 4646
195 3364
3281 3260
4446 195
746 3192
2725 195
102 4446
2640 102
816 2725
4587 2640
873 4398
1524 4398
1552 1420
2702 4587
1696 1420
1988 1552
4096 2702
1158 3192
286 1696
4685 1988
1187 2608
366 1187
1528 1187
2714 4398
1959 1187
1286 2714
1069 3192
3799 3192
1329 1420
4249 1420
550 1069
2955 1420
1893 2608
2295 550
4159 2955
4682 4159
4045 4682
100 1420
915 1420
2072 4682
3071 4045
1345 2072
3497 2072
4184 915
63 1345
331 4184
3462 3260
4529 3462
580 4184
3168 331
174 4398
4242 2608
232 2608
740 2608
4349 3168
4557 4398
2107 232
2706 740
3565 4398
1613 4557
4641 3192
126 2608
582 3192
2294 4398
2883 1420
4262 1420
3545 2608
1863 2883
850 2883
4092 1420
1092 1863
2505 1863
2079 1092
3617 1420
1098 4092
1672 1092
1592 3260
4970 4398
3221 3617
4328 1672
4351 3260
4205 1592
3126 4205
1102 4205
4910 3260
630 4351
4192 4205
3922 2608
2062 4910
352 2062
4922 3260
2441 3192
781 2608
2460 3260
1103 4398
4209 2608
1084 781
64 2460
2056 2460
2082 3192
4336 1084
443 2082
3590 2608
1633 3260
3343 3590
2407 2608
186 2407
3235 2407
447 3343
1394 2608
4305 186
2937 1394
3965 1420
2333 447
103 2333
2020 3260
3041 3192
1066 4398
1112 3041
2899 3260
2741 3260
495 2741
3328 2741
4401 3192
3900 495
3964 3192
730 3328
3665 4401
149 3964
2046 4398
3241 3260
1749 1420
1161 3192
3383 3260
1914 1161
1712 1420
1399 2608
72 4398
1468 3192
2786 2608
1807 2786
398 1399
3451 2608
3481 4398
3685 3481
1726 3481
4001 3451
4441 4398
1094 2608
82 3685
929 2608
4974 4398
4110 2608
3702 2608
4442 3702
2983 4442
2971 4110
213 3702
670 1420
2484 4398
1101 2983
3435 2608
655 2608
3756 1420
3352 1420
531 1101
4279 3260
4202 3260
4787 4398
2921 1420
4868 4279
573 4398
2922 2608
2663 4868
472 3192
2898 472
239 3192
2610 2922
3415 2663
3780 239
4545 2608
2676 3192
962 3415
3255 3780
4225 3260
42 3192
2768 2676
58 3255
4308 58
388 58
35 58
274 4308
2282 274
4062 35
2966 4062
805 3192
2076 4398
2767 1420
524 2608
4584 805
3671 3192
3233 3192
2476 4584
4019 1420
2070 3671
2829 1420
4602 4019
1654 3192
305 4602
2255 305
4220 4602
1133 3192
2677 2255
1439 2255
998 3260
4871 4220
3651 2677
4325 4871
3468 4398
2635 4871
4588 3192
2009 1420
4105 3192
2493 4105
1484 2493
1972 3192
2876 2009
444 2493
3359 1484
4762 444
4071 444
335 4762
4894 3359
504 2608
3553 2608
1738 335
4697 3260
1531 4398
2047 1420
3236 1420
489 4697
880 3260
4090 880
3248 3192
3026 4090
2817 4398
4540 880
2700 2608
509 2608
2431 4398
3839 4398
4593 2431
3406 4593
4400 3406
4123 3406
3932 2608
2280 3192
1871 3932
2875 2280
4533 1420
1549 4398
1598 1420
4657 4533
1122 1420
2475 1122
329 3260
1680 2608
3111 1122
1526 2475
4284 329
152 1526
3079 2608
3721 1526
362 3260
2890 1420
4321 3192
787 2608
780 2608
343 362
1165 787
4552 787
4651 2608
4429 4552
922 4552
1109 4552
2033 4429
4673 4651
2601 1420
4433 3192
4373 3260
436 3260
4294 4373
1540 2601
1523 1540
3165 3192
3524 436
2236 2608
3824 1540
4734 1420
4492 3260
31 2608
2624 3192
2093 3824
3018 2624
2626 3192
280 2626
1867 2624
4250 4398
1206 2626
2833 3260
71 280
3796 3260
4167 1206
2822 3260
1137 2833
2069 1420
251 3796
1198 4167
3267 3260
4550 251
2852 2608
4360 3192
2016 3267
1665 3267
2271 4360
574 2016
2960 1665
836 3192
1740 574
3152 1420
1322 3192
611 3260
2947 4398
382 1740
3530 3260
4227 4398
2772 3530
3585 3192
342 4398
4798 4398
2109 2772
1362 3260
745 342
55 1362
4771 3192
763 3260
4626 745
4755 4626
2166 763
741 1420
4366 2166
4530 2608
841 741
5000 841
2243 1420
2510 4398
1975 4530
652 4398
4295 4398
2108 3192
330 4295
974 3192
3246 974
3889 3260
731 4398
4928 731
4066 3889
250 3260
3757 3192
3855 4398
3323 2608
3258 2608
2707 4398
2300 2707
2406 2608
1636 1420
2416 4398
1917 1636
241 2416
4028 3260
4638 1636
1843 3192
2405 1420
4365 241
3273 1420
2882 3273
1955 4365
2994 2405
2401 3260
2974 2401
3455 2994
4521 3455
1902 4521
3514 2401
657 1420
3714 3260
1916 4521
4357 3714
1373 1420
3044 657
1068 3260
1687 3260
1518 1687
2427 2608
481 1518
4683 1518
1965 2427
2451 3192
4551 2451
1758 4683
2575 4551
2761 4551
240 1420
3959 240
567 2608
3434 3260
1790 240
2570 3959
4098 2570
2895 4098
390 1790
4060 1420
3762 2608
2797 4398
2602 2608
2953 2602
163 4060
3023 163
3946 2602
4218 2608
1035 1420
4804 3023
1828 1420
1567 4218
2972 1420
1833 2608
4600 1420
4404 1567
1565 3192
2440 4398
1132 3260
556 2440
2410 3192
2067 3260
4636 1420
2359 3260
2715 3192
882 2359
2884 2067
3251 4398
77 882
632 1420
324 4398
4469 3260
2943 1420
127 324
1614 1420
3400 4398
3725 4398
797 3260
527 2608
2812 1614
523 3192
2818 2812
4075 797
507 2608
2346 4075
864 2608
1577 507
3971 1577
3492 1577
3930 2608
636 3192
4322 1420
497 3492
2469 636
2023 4398
486 497
4395 3260
4056 497
3652 2469
4772 3652
4986 3652
1257 1420
1575 2608
2587 4986
2682 2587
1467 4986
4014 1420
4799 4398
405 4014
1088 405
1980 1088
3384 4014
641 3260
3054 1088
2683 2608
415 3192
2173 641
4541 4398
4519 4541
1266 3260
1220 3192
1707 2173
4659 3192
4058 3260
3360 3192
1853 4398
2653 4058
1262 3360
1512 3260
762 1853
1390 762
2503 1262
749 2503
950 749
384 4398
2590 3192
2414 2590
3439 3260
125 384
937 3192
1673 2414
113 2608
3327 1420
4074 937
110 937
3496 1673
1164 113
576 4398
4701 576
3428 3260
3452 3260
1303 1164
3282 3428
320 1420
89 3192
3313 320
722 89
1127 3192
3806 3313
1355 3260
1767 3806
3436 3192
1643 3436
2662 3260
3614 3436
1072 3436
3210 3192
4283 3192
4455 2608
3053 4455
2625 3053
2037 1420
3181 4398
4463 3192
4134 1420
3761 4134
1655 4398
1064 3260
4006 4134
2959 1420
3279 1420
256 3279
4204 3279
1293 1420
3114 2608
151 4204
363 3192
36 3260
3963 3192
996 36
1059 363
2979 1420
1939 996
1944 3192
4784 996
3953 1420
2372 2979
3779 2608
4124 2372
700 4398
2784 3779
2856 3779
2379 1420
243 4124
59 2608
505 59
3556 3192
3749 3260
1233 3192
87 3556
1762 3192
4327 4398
214 2608
3996 3192
3776 3260
2477 3260
1197 3776
1218 3996
2538 1420
4304 4398
4482 3260
752 1197
1466 752
1456 1420
3218 1456
1184 3218
1169 1466
3027 1184
4614 3027
2232 2608
2017 1420
883 3192
3420 1420
2914 2017
3202 2232
1415 2608
2782 883
2539 2608
4618 4398
2187 3260
4698 4618
4306 2187
267 2608
3214 4618
810 2608
3205 267
4952 3214
260 4398
3534 3260
2456 810
4513 3534
2170 4513
4543 3260
1924 3534
1877 2170
2996 2170
4727 2996
4948 3260
346 1420
3503 1877
2314 346
3154 3503
4692 3192
2199 4692
4925 2199
455 2199
4076 2199
3477 4692
692 2199
1984 3477
3413 2608
2248 3413
639 3413
3013 2608
585 3013
4312 2248
2514 585
294 3013
1799 3260
1302 585
1370 3260
4565 3260
3719 1799
298 3719
628 1420
4879 3719
2400 3719
4826 628
3704 4879
969 2608
2639 3704
1234 969
4813 1234
4077 1234
1919 4077
612 1420
3575 1919
4352 3575
4275 612
3213 3260
3735 4275
1401 3213
1588 3192
2544 1588
828 3192
3561 828
4603 3260
1845 3260
1646 2544
1281 1646
835 3561
1809 1281
1950 1809
2220 3260
2035 1950
1446 2608
4449 1420
3229 2220
1160 2220
1074 1420
4786 3260
4335 1420
4432 1160
2051 4398
2739 4432
3679 2739
3161 2051
559 2051
1743 4398
2781 1743
4935 4398
708 4398
1728 2781
1000 2781
4749 4398
50 4749
3597 3260
4388 1728
2838 50
4866 3192
1030 4866
3433 2838
3188 3192
3697 3260
3649 4866
4136 1030
4667 4136
4050 1420
2374 1420
4643 1420
2594 3192
2043 4667
4629 1420
3312 2594
3402 2608
2146 3260
3239 2043
1820 1420
529 3260
2886 2608
1408 2886
2592 2608
2145 3260
178 2145
818 2592
1464 2145
1781 1420
4963 818
2353 178
3063 4398
760 3063
3521 3063
566 3260
3116 760
3318 3521
3662 760
16 1420
1114 16
2816 2608
3974 1420
3019 3192
1722 4398
3204 4398
638 3204
4120 4398
2901 3019
1210 3192
4649 638
3929 1210
459 3192
3133 1210
2828 4398
88 1420
2845 3192
3875 3192
2656 3133
1275 3875
17 3192
3358 3875
2325 2608
832 3192
322 3192
1331 832
786 3260
2329 1420
3209 2608
903 1331
3939 903
2934 3939
1298 2934
4763 3260
1047 903
1251 1420
791 3192
1291 1047
4206 1291
1085 3260
2270 4206
4665 1291
2481 4665
1759 1085
3283 1420
2858 3260
2999 2858
1090 3283
78 2608
4363 2999
683 4363
3373 3260
923 78
2491 3192
4823 4398
546 2491
1129 4398
1213 2608
3199 4823
803 546
1506 1129
79 3199
4822 1420
3784 803
2641 2608
3677 2641
4460 1420
3064 4398
2533 4398
2184 3677
1818 4460
4065 3192
1826 2533
4837 4398
2185 3192
2868 3260
4864 4837
4612 4864
4514 3192
321 2868
1969 4398
3513 4398
1603 3192
994 4514
3467 3192
1488 994
4183 1603
4971 4183
3337 2608
2529 3260
4912 4398
2349 2608
2808 4398
3822 3192
1905 2808
347 4912
1143 3260
1491 3192
3727 3192
3074 1420
2527 1420
4958 2527
3858 4398
1814 4958
4989 1814
3564 4989
275 4989
273 1420
2498 2608
889 2498
1387 3260
68 275
738 68
4712 1387
2032 3192
1934 68
2621 4398
1784 738
575 1420
3449 2608
4481 575
3498 3449
4779 4398
3084 1420
4317 3192
4052 4481
3092 4052
4914 3084
2650 4398
958 4317
3170 2650
3185 1420
425 3185
389 425
3773 958
4034 3170
209 389
788 3773
1051 4034
136 3192
4383 4398
1056 209
1952 1056
3743 1056
4965 4383
3135 3743
885 3135
2252 4965
3119 3192
4178 2252
3933 2608
4326 3933
1960 1420
1135 3192
1451 2608
1719 1135
2038 1451
4988 2038
235 2608
407 1451
4524 2038
4793 4524
1865 3192
2927 407
2688 407
4715 1420
262 2608
1360 2927
751 4715
2617 1360
4580 2617
150 2617
4534 2608
1982 3260
3108 4534
3748 3108
783 4398
857 3748
3941 1982
4277 2608
1883 1420
1794 3260
3854 1883
1824 1794
431 1420
2885 1883
2474 3192
1873 2885
2674 2474
1851 4398
4537 1873
2638 1851
4030 3260
845 4030
4216 1851
3325 3260
1226 2638
3272 3192
1600 1420
3231 3325
4012 3192
1611 1420
1858 4012
4238 1420
162 1420
3699 162
4101 3260
1569 1420
2961 4238
4962 3260
838 4101
526 1569
2900 838
1856 526
4509 4962
743 838
1983 3192
3975 4398
1830 4398
1793 4509
1148 1983
3157 4398
1732 3192
2445 1420
4195 4398
3426 3192
1022 3157
491 1732
2373 2608
1747 491
1715 491
2040 491
656 2040
3783 3260
2029 3783
4324 4398
914 3260
2716 656
4157 4398
723 4324
4 914
3876 4157
1317 2608
1086 1420
1463 723
4981 1086
724 3876
4153 3260
3877 1086
1695 3260
160 3192
2987 1695
4628 1695
248 1695
3701 248
793 2987
4653 3701
2115 793
1637 3192
4181 793
3554 2608
3807 2608
599 1637
4650 4398
3491 3807
3841 3807
4892 3807
4100 1420
4982 4892
3583 4982
2546 3583
917 4982
1925 3583
2049 3583
1825 4398
4431 3260
1689 4431
480 1420
372 2049
1215 1825
4367 1689
4232 4398
4503 4232
4538 4398
179 4398
3344 3192
3988 3260
1870 4398
4500 3260
4422 1420
3802 3344
893 3260
726 1870
2929 1420
703 3260
3368 3802
2026 1420
4926 3368
1709 3260
3076 3368
2411 3076
1039 1709
2699 3260
1778 3192
1371 3192
40 3192
2629 3192
1783 3260
2863 2629
3132 3260
4267 2629
1812 1420
3301 1812
200 1420
395 4398
1336 395
1522 3260
1763 3192
3038 200
4960 3038
4088 2608
3446 4088
3646 1420
3050 4088
2685 4960
849 3646
112 4398
3758 1420
166 2685
11 3192
4128 166
1700 2608
2172 4398
3471 1420
2203 1420
3460 2203
361 4398
3938 3260
1231 2203
4838 3260
2940 3938
4790 3260
1410 1231
345 3192
4141 4398
475 3192
4176 4398
4018 4141
537 4176
242 4176
936 4176
622 4018
326 2608
2557 622
3381 936
4115 3192
4488 2557
901 2557
916 3192
4710 3381
1006 3260
1962 4398
258 901
619 1006
1647 4710
2281 258
1235 4398
93 1420
4934 3260
3589 2608
748 2608
884 3260
4472 1420
3278 1420
785 3589
4846 4398
4131 2608
2259 3260
2423 2259
1139 4846
827 2423
2392 1139
19 1139
1020 3192
4298 2392
4323 1020
4185 2608
2524 3260
2086 4398
4163 4398
4061 4323
3159 3260
211 3159
224 4398
4502 4061
3852 3260
1475 3260
4844 3852
1909 224
4658 1475
4370 1909
60 3192
634 4398
284 60
4496 1420
1864 634
2692 634
3005 3260
3711 4398
1951 2608
2743 1420
1049 1420
3555 3005
1586 1420
4767 3260
4054 3192
2666 3192
855 4398
2315 2608
4968 2608
4270 2608
1746 2666
1780 4968
310 1780
3560 310
3144 310
2218 3192
4690 2218
2750 3560
2894 2750
2637 2608
3227 2750
2887 4690
4850 2750
4834 4398
778 1420
1618 1420
1100 3192
2512 1100
438 1420
3478 1100
4261 438
613 3478
3222 2608
3896 4398
83 3192
4258 1420
1631 1420
2848 4258
859 4258
2094 2608
277 4398
709 4398
4086 2608
2518 859
1544 277
1822 2518
123 1420
3843 3260
583 1822
4595 123
927 2608
2418 583
766 583
4104 766
4808 4595
1761 1420
