1000 999
924 725
706 924
423 706
217 924
59 706
349 706
125 423
269 125
722 706
377 349
537 706
18 725
362 217
546 377
112 924
290 725
676 546
72 706
962 924
385 423
86 290
616 423
799 385
827 616
936 725
124 423
152 725
858 725
892 152
965 423
993 152
673 217
332 217
678 965
625 924
899 625
930 673
476 625
50 476
320 930
334 706
776 725
278 924
30 423
821 924
935 217
192 776
397 217
277 192
512 725
863 423
791 277
175 423
108 791
665 725
587 423
726 423
178 924
275 108
258 725
729 178
848 258
12 729
847 258
309 847
760 706
567 725
350 924
181 567
947 924
704 350
951 181
868 423
343 423
603 706
862 704
709 951
686 868
689 217
526 689
380 706
939 725
292 686
998 292
560 998
740 217
861 725
630 560
508 706
75 508
700 508
714 508
731 423
68 75
105 68
149 924
227 706
708 149
99 217
649 423
445 217
751 924
202 924
992 445
475 706
975 706
82 725
548 975
971 423
78 82
173 217
681 971
982 217
479 982
733 924
188 706
851 706
900 982
967 900
637 924
922 851
157 725
608 924
789 725
388 217
807 706
895 807
110 423
968 706
559 388
585 423
5 423
120 968
208 924
396 924
438 120
614 423
588 396
987 588
788 924
519 438
185 614
829 706
25 725
581 725
552 25
985 725
447 552
707 706
744 552
995 706
839 924
662 744
114 706
6 114
492 423
392 662
745 6
337 423
91 423
564 706
914 337
873 423
27 725
792 914
701 873
518 725
333 27
140 518
363 701
302 363
359 518
866 706
451 706
659 706
193 359
14 659
236 193
182 236
163 659
280 14
31 280
641 217
2 182
104 163
874 924
307 874
339 725
542 924
95 725
471 924
415 725
719 725
209 415
1000 415
46 924
607 725
606 423
832 209
376 832
197 376
1 832
757 924
574 757
406 376
118 1
739 706
553 406
57 217
691 924
919 725
130 924
225 423
804 130
859 919
570 725
79 804
472 924
37 217
272 706
132 272
26 37
327 37
453 132
524 706
89 423
133 924
768 217
496 706
203 524
33 496
717 768
279 33
161 279
297 217
770 706
818 770
720 706
823 161
932 217
943 217
948 725
765 924
97 706
927 948
316 97
634 316
830 423
294 634
685 924
184 725
778 725
764 184
222 184
141 725
514 924
590 514
721 706
648 725
547 590
358 547
176 648
478 725
16 547
741 725
810 725
248 741
973 423
835 16
7 973
816 924
281 7
3 973
856 706
172 706
798 217
435 856
643 3
341 423
748 423
883 924
763 883
379 763
633 748
101 748
506 763
887 506
723 217
154 423
961 423
286 725
539 887
555 423
23 961
467 539
907 924
403 539
85 403
338 706
793 423
276 217
693 706
872 924
817 725
335 872
134 693
594 725
954 706
938 134
952 423
17 706
684 423
457 217
74 423
441 952
259 684
882 217
401 259
521 725
463 259
409 706
51 725
319 521
399 706
937 51
921 937
838 937
955 838
891 955
688 924
754 838
128 706
600 924
864 754
15 128
834 600
443 217
177 924
488 423
92 706
977 725
84 443
958 177
223 423
620 92
116 217
543 84
159 423
509 223
639 423
20 639
501 423
802 159
153 924
653 501
432 706
240 432
251 725
342 240
270 423
103 423
344 270
941 342
613 270
460 725
244 217
243 423
535 217
107 244
138 217
53 107
340 243
298 706
815 217
569 815
408 298
407 217
246 298
615 569
913 615
381 924
897 924
257 381
296 897
458 381
912 725
465 458
44 706
142 423
658 217
336 217
466 658
375 423
568 466
978 336
850 375
586 924
652 568
54 586
87 850
317 652
755 924
42 725
36 54
235 725
876 317
833 755
191 706
113 924
100 924
761 423
237 761
374 423
655 374
627 423
81 725
9 217
533 423
285 81
734 627
675 81
35 533
266 217
942 266
360 675
365 924
48 924
687 924
190 924
999 217
646 423
647 706
593 423
654 999
996 593
903 217
679 593
287 423
39 903
632 924
313 924
886 706
931 706
824 632
811 824
756 725
808 217
806 808
504 217
148 811
762 148
189 725
19 148
166 217
773 19
790 189
436 773
493 924
795 166
391 725
702 790
329 924
165 725
454 702
908 329
712 702
411 908
67 411
730 712
840 924
38 217
76 217
301 725
123 76
980 924
171 706
238 980
497 980
969 706
711 217
169 711
957 169
470 217
538 706
523 217
90 423
836 423
498 706
631 538
418 523
842 924
267 836
106 418
511 842
963 418
516 725
797 217
440 511
80 963
561 797
234 725
255 561
345 255
491 80
898 924
315 255
545 255
284 217
299 315
696 898
854 299
609 284
822 854
330 924
572 330
230 822
576 706
812 924
571 924
314 924
515 812
147 576
207 571
179 924
456 515
530 179
168 456
32 423
416 217
434 924
536 924
417 217
989 924
986 706
422 434
736 217
589 725
780 725
214 924
592 214
49 706
372 214
596 217
253 592
115 423
386 596
803 386
926 386
933 725
529 423
218 924
43 706
651 926
355 651
321 217
369 651
402 321
737 369
694 321
13 737
602 924
77 217
677 423
146 77
573 146
83 602
621 83
263 924
170 146
310 924
93 725
896 423
368 896
135 170
71 423
356 423
288 356
855 217
831 706
727 356
781 706
577 831
111 577
796 725
483 924
503 217
622 423
825 725
464 796
183 217
682 503
249 183
224 249
450 249
875 423
427 875
787 725
917 924
960 725
566 217
357 960
241 924
41 241
433 725
228 725
347 228
905 347
195 41
974 706
271 706
703 423
970 195
554 217
490 423
268 217
690 703
312 970
881 706
674 690
782 725
749 706
47 423
164 706
11 164
925 11
743 217
853 706
425 743
945 423
308 725
348 308
424 348
265 706
520 945
414 308
382 706
122 924
626 520
997 725
206 217
979 206
393 997
439 217
60 725
400 206
949 706
226 60
867 949
61 924
672 924
563 423
923 672
929 61
759 924
517 706
293 924
915 706
771 293
670 915
660 924
62 217
877 924
242 660
204 423
283 423
928 924
455 877
331 706
716 924
448 706
352 725
426 352
262 331
884 217
56 262
964 217
738 56
22 217
801 56
318 217
34 738
889 738
8 889
387 889
55 387
29 34
431 29
413 387
216 387
194 924
645 706
779 431
452 725
532 645
584 725
404 532
814 584
513 725
860 423
865 513
728 423
291 217
395 291
849 291
119 865
746 423
841 746
507 395
311 423
724 507
879 507
878 507
857 311
562 924
599 423
231 879
137 217
597 562
430 599
638 706
551 231
180 924
758 706
611 180
976 924
557 706
219 611
499 611
324 499
642 725
21 499
274 642
541 924
766 642
304 766
64 21
885 64
398 304
459 217
846 304
210 423
370 459
442 725
494 217
984 725
264 725
252 370
618 984
605 217
910 618
794 725
534 794
644 794
813 725
959 725
245 534
186 217
946 813
549 946
713 946
484 946
40 713
156 549
918 423
785 40
966 156
167 40
579 217
698 706
683 423
158 698
437 423
351 706
601 683
160 437
880 160
667 217
769 160
24 160
635 769
126 423
650 635
469 924
198 706
143 126
583 423
485 469
250 469
131 725
852 706
489 583
747 489
211 131
346 852
174 211
473 924
150 924
710 346
527 150
664 725
624 664
888 527
325 423
904 924
809 423
229 706
819 888
58 924
410 229
950 58
604 410
502 58
844 950
800 217
972 844
373 972
232 972
260 373
556 972
144 972
902 373
94 924
510 706
461 94
254 217
371 510
617 94
98 254
462 617
367 371
127 217
826 725
991 462
88 991
200 924
657 200
429 826
326 991
528 423
215 217
909 657
233 326
66 909
474 423
378 474
742 423
699 423
692 742
680 217
303 699
412 680
558 217
934 217
843 303
774 303
323 774
364 774
487 924
775 924
405 924
187 405
4 423
305 405
212 217
322 305
102 725
953 706
783 706
525 924
468 102
10 525
221 10
753 706
145 725
482 10
394 725
629 725
916 924
990 916
139 394
705 725
220 725
481 924
981 705
239 924
623 481
65 924
837 725
988 239
129 837
890 129
636 837
580 129
870 423
366 890
300 636
354 636
256 580
820 725
28 354
661 217
73 423
767 423
353 28
598 353
273 353
361 767
109 217
420 423
121 598
306 121
69 706
663 420
446 306
328 725
52 69
540 924
247 217
480 247
565 540
199 52
805 540
784 565
477 480
828 706
697 805
444 697
983 697
486 444
612 486
162 924
591 706
96 725
578 217
715 96
640 578
63 591
869 640
582 706
777 725
384 777
419 423
261 419
944 725
70 423
531 217
213 725
666 423
505 924
151 531
595 423
901 217
735 505
428 505
671 725
295 924
732 735
196 706
117 671
718 671
752 924
920 117
695 725
994 924
449 725
845 217
894 994
628 695
205 924
906 706
750 924
421 725
45 706
495 423
136 924
893 217
550 45
500 706
289 495
544 893
911 500
575 725
389 911
522 706
956 706
656 911
669 706
610 217
786 956
668 706
940 706
871 725
155 217
282 155
772 725
383 940
201 155
619 725
390 772
