5000 5000
3941 2821
2821 1729
1729 1501
1501 4387
4387 4113
4113 24
24 1517
1517 4786
4786 4116
4116 1978
1978 1273
1273 485
485 647
647 1322
1322 2573
2573 1227
1227 2541
2541 4832
4832 3475
3475 4856
4856 4853
4853 3158
3158 353
353 4860
4860 2055
2055 3792
3792 3143
3143 3194
3194 3864
3864 4485
4485 4490
4490 3769
3769 4255
4255 4174
4174 3963
3963 239
239 760
760 2451
2451 3267
3267 1994
1994 1965
1965 3751
3751 1493
1493 4453
4453 4367
4367 3029
3029 1005
1005 4472
4472 4246
4246 139
139 3584
3584 3932
3932 772
772 4055
4055 3314
3314 2372
2372 2228
2228 1966
1966 2822
2822 3021
3021 380
380 1573
1573 140
140 3223
3223 4355
4355 730
730 1260
1260 3331
3331 2479
2479 3621
3621 3105
3105 2385
2385 3866
3866 912
912 2674
2674 1012
1012 2075
2075 6
6 4238
4238 4057
4057 396
396 861
861 3406
3406 2824
2824 3350
3350 2553
2553 4807
4807 4461
4461 1518
1518 3543
3543 1722
1722 992
992 510
510 3642
3642 4488
4488 1504
1504 344
344 362
362 3046
3046 3082
3082 4829
4829 3391
3391 415
415 383
383 337
337 4006
4006 2767
2767 3870
3870 1888
1888 1733
1733 2103
2103 4427
4427 3120
3120 3509
3509 1558
1558 894
894 4326
4326 3917
3917 4576
4576 1483
1483 4529
4529 3376
3376 2990
2990 3278
3278 2745
2745 4867
4867 277
277 4772
4772 2753
2753 713
713 4261
4261 1292
1292 1156
1156 3293
3293 4756
4756 3030
3030 3805
3805 1873
1873 2384
2384 3151
3151 67
67 4569
4569 1316
1316 1843
1843 2511
2511 3918
3918 3704
3704 4017
4017 2628
2628 692
692 2496
2496 4780
4780 1129
1129 3003
3003 4110
4110 2474
2474 343
343 2545
2545 1329
1329 1103
1103 1450
1450 3810
3810 4295
4295 1993
1993 2671
2671 4512
4512 3051
3051 2245
2245 2935
2935 1484
1484 3868
3868 710
710 2111
2111 1304
1304 3368
3368 3022
3022 2289
2289 2514
2514 4600
4600 686
686 379
379 1664
1664 4864
4864 4189
4189 4555
4555 1374
1374 4676
4676 1218
1218 3600
3600 1551
1551 234
234 49
49 2311
2311 3714
3714 85
85 3242
3242 1447
1447 736
736 1842
1842 4733
4733 4429
4429 2484
2484 3129
3129 355
355 2649
2649 1680
1680 1018
1018 3999
3999 4492
4492 1606
1606 835
835 1647
1647 844
844 259
259 1874
1874 4502
4502 3028
3028 332
332 1400
1400 2537
2537 4779
4779 1602
1602 3192
3192 527
527 560
560 1619
1619 2352
2352 2756
2756 439
439 351
351 3549
3549 797
797 633
633 2966
2966 2799
2799 3696
3696 2591
2591 3125
3125 1674
1674 4217
4217 3495
3495 3119
3119 818
818 3112
3112 2915
2915 1135
1135 2540
2540 4124
4124 3141
3141 26
26 704
704 4633
4633 3401
3401 4023
4023 1440
1440 3066
3066 1677
1677 2432
2432 4790
4790 37
37 3765
3765 3993
3993 2416
2416 2491
2491 272
272 3880
3880 1995
1995 726
726 402
402 4748
4748 3937
3937 4615
4615 838
838 593
593 768
768 3389
3389 428
428 786
786 2332
2332 4436
4436 1532
1532 4343
4343 1166
1166 1578
1578 2612
2612 2412
2412 1508
1508 3884
3884 3681
3681 775
775 875
875 4809
4809 1560
1560 4910
4910 252
252 4457
4457 2949
2949 4518
4518 2391
2391 2329
2329 2788
2788 4621
4621 1057
1057 2636
2636 2192
2192 4627
4627 2323
2323 3863
3863 1486
1486 4760
4760 1662
1662 860
860 1751
1751 4971
4971 1604
1604 2208
2208 884
884 643
643 4949
4949 4671
4671 661
661 3095
3095 2895
2895 1456
1456 1617
1617 822
822 4594
4594 1075
1075 1331
1331 2468
2468 1946
1946 1666
1666 2629
2629 1693
1693 1744
1744 4105
4105 2627
2627 927
927 931
931 2557
2557 3984
3984 1762
1762 1267
1267 2517
2517 3097
3097 4390
4390 4717
4717 2989
2989 258
258 390
390 3604
3604 2419
2419 758
758 4855
4855 1210
1210 2536
2536 2047
2047 571
571 2725
2725 493
493 4035
4035 1867
1867 2881
2881 4236
4236 792
792 2338
2338 3083
3083 2058
2058 2616
2616 4239
4239 2723
2723 739
739 4498
4498 2670
2670 572
572 515
515 4902
4902 2414
2414 3249
3249 3734
3734 341
341 1077
1077 70
70 3049
3049 265
265 4259
4259 880
880 3744
3744 3632
3632 4689
4689 1197
1197 1428
1428 2180
2180 2950
2950 315
315 1885
1885 666
666 3310
3310 405
405 4184
4184 1838
1838 2326
2326 2018
2018 3462
3462 4294
4294 291
291 3445
3445 548
548 1090
1090 2590
2590 1511
1511 4888
4888 891
891 3718
3718 1301
1301 4665
4665 581
581 1555
1555 2982
2982 1064
1064 4240
4240 2993
2993 3590
3590 4990
4990 2299
2299 3716
3716 1142
1142 1119
1119 2173
2173 3467
3467 2244
2244 2064
2064 4093
4093 4182
4182 3569
3569 1334
1334 4410
4410 4776
4776 1831
1831 3241
3241 4638
4638 1634
1634 3850
3850 452
452 3605
3605 3603
3603 3990
3990 2260
2260 3353
3353 1120
1120 4918
4918 199
199 91
91 4889
4889 1776
1776 1734
1734 3780
3780 3231
3231 4470
4470 482
482 2322
2322 2278
2278 1032
1032 3858
3858 2123
2123 2458
2458 3431
3431 3882
3882 1293
1293 1291
1291 40
40 3699
3699 4422
4422 630
630 3109
3109 1797
1797 82
82 4451
4451 1928
1928 3655
3655 31
31 639
639 1233
1233 179
179 803
803 1863
1863 3450
3450 2566
2566 3164
3164 2784
2784 3063
3063 4728
4728 3339
3339 849
849 4714
4714 3064
3064 3430
3430 1706
1706 3617
3617 123
123 847
847 1700
1700 2463
2463 4509
4509 182
182 3636
3636 4411
4411 888
888 30
30 2896
2896 3613
3613 1399
1399 153
153 2732
2732 158
158 2107
2107 3325
3325 3929
3929 1703
1703 2728
2728 2019
2019 2828
2828 2904
2904 1115
1115 292
292 3887
3887 183
183 616
616 2460
2460 1471
1471 3354
3354 802
802 2735
2735 2442
2442 1770
1770 1871
1871 2089
2089 106
106 718
718 584
584 377
377 2638
2638 3844
3844 876
876 1746
1746 1373
1373 4771
4771 2846
2846 3058
3058 4588
4588 3202
3202 201
201 4173
4173 2705
2705 281
281 4493
4493 2137
2137 2992
2992 4097
4097 4922
4922 1855
1855 1553
1553 3649
3649 4695
4695 4975
4975 2277
2277 4643
4643 287
287 2953
2953 4109
4109 1339
1339 2254
2254 1862
1862 3951
3951 4153
4153 4979
4979 217
217 1651
1651 2721
2721 4607
4607 412
412 979
979 222
222 1439
1439 4659
4659 788
788 3233
3233 3831
3831 4297
4297 3659
3659 1074
1074 652
652 1305
1305 2531
2531 61
61 872
872 812
812 3499
3499 1813
1813 3175
3175 1960
1960 1421
1421 3732
3732 4662
4662 1184
1184 1806
1806 989
989 3683
3683 4248
4248 4710
4710 422
422 1600
1600 2395
2395 2313
2313 725
725 4091
4091 1383
1383 4943
4943 146
146 2124
2124 1276
1276 4604
4604 3678
3678 2183
2183 1023
1023 3257
3257 1126
1126 4505
4505 2012
2012 4231
4231 672
672 4362
4362 1039
1039 409
409 3238
3238 4358
4358 4029
4029 2739
2739 2158
2158 2772
2772 2595
2595 1297
1297 2125
2125 1066
1066 1204
1204 2523
2523 2246
2246 2582
2582 4664
4664 3425
3425 938
938 2564
2564 1071
1071 3920
3920 1931
1931 2882
2882 2860
2860 4467
4467 1786
1786 3623
3623 1760
1760 350
350 522
522 1715
1715 4224
4224 2604
2604 4181
4181 4989
4989 1237
1237 1246
1246 246
246 4496
4496 999
999 2048
2048 602
602 1209
1209 4804
4804 4016
4016 4973
4973 3945
3945 794
794 1284
1284 4031
4031 3452
3452 2429
2429 125
125 4299
4299 4948
4948 2676
2676 376
376 3663
3663 2549
2549 3123
3123 3824
3824 4645
4645 3826
3826 3047
3047 1728
1728 1582
1582 1594
1594 1080
1080 4941
4941 3163
3163 4406
4406 2067
2067 276
276 4444
4444 2576
2576 4827
4827 2928
2928 925
925 2657
2657 3190
3190 2800
2800 887
887 283
283 589
589 3576
3576 2525
2525 4085
4085 1808
1808 301
301 1247
1247 2677
2677 2217
2217 3743
3743 275
275 2804
2804 3921
3921 4264
4264 1477
1477 4167
4167 2746
2746 1037
1037 2778
2778 381
381 3987
3987 4320
4320 2094
2094 4351
4351 659
659 824
824 2334
2334 1640
1640 2470
2470 4223
4223 3741
3741 2304
2304 440
440 319
319 2563
2563 3304
3304 771
771 3574
3574 3188
3188 4768
4768 1954
1954 606
606 4334
4334 1106
1106 2790
2790 3309
3309 4613
4613 4227
4227 4596
4596 3511
3511 1781
1781 4531
4531 600
600 1907
1907 3464
3464 3289
3289 2972
2972 3385
3385 551
551 944
944 3892
3892 751
751 3762
3762 1784
1784 1073
1073 210
210 4069
4069 3420
3420 4552
4552 1280
1280 2139
2139 2927
2927 3025
3025 4397
4397 4854
4854 3421
3421 1526
1526 3879
3879 3978
3978 1972
1972 4987
4987 731
731 2973
2973 4952
4952 4377
4377 2838
2838 1186
1186 340
340 1802
1802 2490
2490 3803
3803 4087
4087 1031
1031 2441
2441 1635
1635 2179
2179 569
569 4753
4753 1490
1490 3747
3747 2013
2013 2963
2963 3079
3079 1332
1332 1159
1159 4090
4090 3088
3088 3070
3070 2689
2689 1977
1977 765
765 1569
1569 567
567 4970
4970 420
420 2402
2402 1887
1887 2538
2538 397
397 2855
2855 237
237 627
627 3686
3686 3666
3666 206
206 2098
2098 1091
1091 2866
2866 2078
2078 386
386 1165
1165 3269
3269 3237
3237 3995
3995 4015
4015 566
566 3037
3037 2233
2233 4803
4803 466
466 2454
2454 186
186 4706
4706 1824
1824 4654
4654 1659
1659 2961
2961 266
266 242
242 1211
1211 2168
2168 1086
1086 100
100 2920
2920 897
897 3002
3002 2459
2459 1020
1020 4340
4340 2500
2500 3053
3053 1404
1404 404
404 3201
3201 1644
1644 2258
2258 3016
3016 2929
2929 3518
3518 4394
4394 1435
1435 2666
2666 3271
3271 4959
4959 762
762 2156
2156 4319
4319 395
395 1215
1215 4146
4146 3729
3729 4503
4503 4232
4232 1123
1123 3707
3707 2977
2977 4086
4086 112
112 4614
4614 2970
2970 3266
3266 14
14 3185
3185 2379
2379 1249
1249 1610
1610 654
654 1070
1070 2925
2925 3514
3514 2238
2238 5000
5000 4164
4164 1336
1336 1980
1980 2444
2444 2771
2771 13
13 575
575 460
460 3774
3774 3815
3815 19
19 2716
2716 4331
4331 2696
2696 1858
1858 3691
3691 1775
1775 4539
4539 1396
1396 2820
2820 3660
3660 142
142 4567
4567 455
455 2002
2002 2482
2482 4767
4767 2535
2535 4981
4981 58
58 2631
2631 2188
2188 1183
1183 3211
3211 4770
4770 1609
1609 3630
3630 4437
4437 3171
3171 1151
1151 2581
2581 3372
3372 53
53 4191
4191 3405
3405 2223
2223 1010
1010 247
247 4106
4106 4568
4568 640
640 1162
1162 955
955 3975
3975 20
20 1303
1303 3347
3347 3746
3746 1432
1432 4474
4474 290
290 432
432 1467
1467 2687
2687 2070
2070 2815
2815 1668
1668 1830
1830 3731
3731 3977
3977 807
807 1459
1459 1466
1466 27
27 2489
2489 3680
3680 4866
4866 3459
3459 4824
4824 4383
4383 55
55 257
257 1566
1566 2009
2009 4176
4176 2561
2561 1025
1025 3802
3802 4388
4388 4534
4534 3846
3846 2856
2856 500
500 1698
1698 749
749 2251
2251 2932
2932 4682
4682 4347
4347 1898
1898 7
7 3346
3346 2291
2291 4798
4798 1269
1269 2619
2619 2667
2667 4287
4287 2850
2850 4525
4525 1880
1880 4291
4291 1692
1692 4089
4089 3748
3748 4858
4858 3964
3964 568
568 4011
4011 2720
2720 2112
2112 419
419 443
443 3493
3493 225
225 4905
4905 4579
4579 2508
2508 3205
3205 3599
3599 385
385 2768
2768 3010
3010 4758
4758 4402
4402 4743
4743 3429
3429 4263
4263 4036
4036 3935
3935 712
712 531
531 4257
4257 1783
1783 4209
4209 2519
2519 579
579 2203
2203 3595
3595 1773
1773 1638
1638 3426
3426 3181
3181 2036
2036 1410
1410 3364
3364 4336
4336 1062
1062 4393
4393 211
211 111
111 685
685 2249
2249 4819
4819 701
701 4456
4456 524
524 3236
3236 1913
1913 1654
1654 4823
4823 475
475 3282
3282 2130
2130 3258
3258 3099
3099 2910
2910 1915
1915 1358
1358 2505
2505 3597
3597 3166
3166 942
942 708
708 4878
4878 4098
4098 4183
4183 4166
4166 2247
2247 4882
4882 723
723 1882
1882 2198
2198 4082
4082 4386
4386 1136
1136 2827
2827 1167
1167 684
684 4139
4139 4595
4595 289
289 2165
2165 263
263 637
637 490
490 3972
3972 2290
2290 163
163 4921
4921 1642
1642 3804
3804 4605
4605 2035
2035 4449
4449 2803
2803 2668
2668 3593
3593 1040
1040 1643
1643 2086
2086 3463
3463 4208
4208 4729
4729 3970
3970 2283
2283 4311
4311 959
959 2333
2333 1285
1285 3090
3090 150
150 946
946 1261
1261 4727
4727 4048
4048 3355
3355 1363
1363 3650
3650 2692
2692 3781
3781 2816
2816 3210
3210 791
791 3925
3925 4483
4483 2473
2473 2206
2206 3867
3867 2375
2375 2625
2625 4292
4292 596
596 2263
2263 1375
1375 4642
4642 4912
4912 1088
1088 4957
4957 4118
4118 4610
4610 3256
3256 1520
1520 4554
4554 408
408 1716
1716 3118
3118 4724
4724 4178
4178 829
829 1689
1689 1318
1318 1847
1847 2261
2261 3273
3273 4674
4674 3219
3219 1245
1245 4585
4585 769
769 457
457 1250
1250 3305
3305 1441
1441 3301
3301 3268
3268 303
303 360
360 2227
2227 81
81 3551
3551 3586
3586 2031
2031 4104
4104 4628
4628 565
565 767
767 1747
1747 4309
4309 3284
3284 2234
2234 546
546 1149
1149 2053
2053 4443
4443 3794
3794 1011
1011 1100
1100 3952
3952 2781
2781 2586
2586 4530
4530 1430
1430 1768
1768 2520
2520 3837
3837 2891
2891 2729
2729 2408
2408 372
372 1059
1059 3265
3265 4201
4201 675
675 226
226 4813
4813 893
893 1053
1053 4757
4757 2404
2404 4464
4464 4782
4782 4495
4495 1256
1256 3672
3672 2286
2286 97
97 3619
3619 4747
4747 2325
2325 784
784 320
320 1974
1974 170
170 4603
4603 1169
1169 3419
3419 2611
2611 4369
4369 644
644 4542
4542 3149
3149 3
3 1470
1470 3043
3043 3664
3664 3954
3954 3468
3468 4563
4563 2795
2795 3117
3117 2457
2457 2336
2336 4953
4953 915
915 4046
4046 3042
3042 307
307 1571
1571 187
187 2439
2439 2512
2512 4846
4846 1389
1389 499
499 2965
2965 345
345 1738
1738 3812
3812 1290
1290 2703
2703 3848
3848 1114
1114 2770
2770 536
536 224
224 4050
4050 940
940 3674
3674 3315
3315 981
981 3676
3676 3507
3507 83
83 2787
2787 3348
3348 1359
1359 4272
4272 744
744 4792
4792 752
752 2084
2084 4007
4007 4869
4869 2366
2366 1695
1695 2319
2319 1376
1376 4897
4897 4736
4736 2639
2639 3753
3753 4712
4712 1110
1110 1189
1189 1365
1365 2918
2918 4360
4360 1002
1002 3847
3847 1124
1124 3159
3159 3957
3957 2719
2719 4927
4927 1816
1816 1550
1550 1538
1538 4186
4186 1731
1731 3067
3067 1380
1380 1480
1480 4043
4043 2115
2115 3520
3520 171
171 4909
4909 904
904 4333
4333 3758
3758 3836
3836 4560
4560 3643
3643 1926
1926 1628
1628 4691
4691 271
271 4129
4129 2073
2073 4162
4162 4994
4994 517
517 2562
2562 4100
4100 2240
2240 361
361 3085
3085 72
72 2543
2543 4847
4847 4851
4851 1646
1646 3711
3711 3440
3440 4746
4746 4857
4857 4151
4151 2143
2143 538
538 2565
2565 1997
1997 4781
4781 2542
2542 1179
1179 651
651 1255
1255 933
933 3213
3213 1845
1845 3629
3629 424
424 3068
3068 1014
1014 658
658 3967
3967 1416
1416 2516
2516 943
943 87
87 3438
3438 2224
2224 2321
2321 1952
1952 4077
4077 4720
4720 4791
4791 1872
1872 4262
4262 2507
2507 4892
4892 4911
4911 1082
1082 1085
1085 1547
1547 4900
4900 1839
1839 2991
2991 1333
1333 4346
4346 2196
2196 4273
4273 3685
3685 4251
4251 3212
3212 2780
2780 2027
2027 3955
3955 1155
1155 1223
1223 168
168 2446
2446 4074
4074 4099
4099 212
212 4611
4611 1340
1340 2433
2433 398
398 4849
4849 128
128 1072
1072 3451
3451 2957
2957 216
216 3890
3890 241
241 2423
2423 435
435 4997
4997 3946
3946 2986
2986 901
901 4019
4019 2005
2005 129
129 3224
3224 375
375 1812
1812 4788
4788 4053
4053 4874
4874 2312
2312 4330
4330 688
688 3894
3894 2948
2948 4344
4344 834
834 3532
3532 2409
2409 4000
4000 1449
1449 4037
4037 776
776 2010
2010 1225
1225 18
18 2506
2506 3004
3004 2823
2823 465
465 41
41 3199
3199 3555
3555 3533
3533 1457
1457 4066
4066 1794
1794 3263
3263 3585
3585 294
294 2461
2461 3239
3239 3960
3960 3717
3717 68
68 3530
3530 525
525 3985
3985 4593
4593 69
69 194
194 4679
4679 2324
2324 1523
1523 1387
1387 4597
4597 2200
2200 2176
2176 462
462 4258
4258 3602
3602 1356
1356 3622
3622 4324
4324 4923
4923 1917
1917 3071
3071 3572
3572 38
38 3250
3250 4640
4640 165
165 676
676 2575
2575 2410
2410 1815
1815 4122
4122 4059
4059 2888
2888 1687
1687 3911
3911 2149
2149 1591
1591 4213
4213 3601
3601 4510
4510 3722
3722 2353
2353 1495
1495 592
592 3829
3829 879
879 4400
4400 305
305 202
202 1932
1932 400
400 3176
3176 2237
2237 445
445 102
102 2840
2840 1008
1008 4556
4556 2502
2502 1407
1407 3959
3959 866
866 1173
1173 871
871 1239
1239 1035
1035 1593
1593 1158
1158 1624
1624 2328
2328 2341
2341 324
324 2172
2172 3040
3040 4076
4076 1851
1851 1587
1587 507
507 1221
1221 3373
3373 4242
4242 3889
3889 3436
3436 3077
3077 1739
1739 471
471 2979
2979 4468
4468 3193
3193 1705
1705 2843
2843 4413
4413 2997
2997 2835
2835 996
996 3378
3378 3564
3564 2159
2159 745
745 3437
3437 1576
1576 2209
2209 4438
4438 1448
1448 4152
4152 3633
3633 4277
4277 3943
3943 682
682 4661
4661 4478
4478 1341
1341 2984
2984 4872
4872 3396
3396 2534
2534 4750
4750 2034
2034 4327
4327 4161
4161 227
227 1615
1615 369
369 3439
3439 3577
3577 1163
1163 3399
3399 1844
1844 2908
2908 1006
1006 613
613 4432
4432 3487
3487 235
235 2212
2212 1150
1150 4379
4379 857
857 4290
4290 753
753 3418
3418 598
598 1402
1402 4148
4148 2613
2613 2635
2635 3777
3777 2650
2650 339
339 4620
4620 3994
3994 3522
3522 2976
2976 1565
1565 1426
1426 693
693 3197
3197 4356
4356 23
23 3941
4341 1426
3392 1706
2620 792
804 4356
977 981
464 385
967 3268
1461 977
4447 464
4426 977
3333 925
1160 876
4618 2459
3557 4153
770 3396
4812 3557
3675 4812
2766 4812
2394 2920
1588 4858
4144 1812
621 3847
2294 4255
4025 2394
1281 4144
541 4144
4871 1281
184 1467
638 4952
504 184
4811 3812
4423 184
240 2670
532 319
1051 4423
4157 1051
2445 2172
1079 2445
4125 1079
4307 4157
1581 676
3441 4307
3277 4307
1157 1090
1212 1157
1287 3429
4723 3441
2617 3445
4817 2719
2587 4860
3754 4723
4795 4817
3178 2617
2358 153
2301 3205
1697 915
2572 3178
3062 1697
3161 4224
3625 2301
1027 3112
3367 2572
1030 82
777 2790
4454 730
4440 1389
2140 1030
1936 2140
3567 1477
2890 1928
4571 1936
4134 1936
454 4134
585 2890
4063 454
3471 454
530 3471
4828 3471
297 530
2162 1151
2309 530
865 530
1828 2965
660 2309
995 2536
993 3079
2425 522
2544 993
715 993
2129 2846
4115 875
4670 3892
2554 2544
3539 275
103 3967
4188 4053
3813 4188
862 3440
2049 1126
1093 862
781 4866
2147 170
2335 4568
4800 1093
4442 781
1108 3197
3091 4442
1670 4069
3050 4642
1515 1108
1779 38
3912 3237
2215 3912
200 3590
1764 1515
1969 2217
3461 2215
1278 1764
4281 1969
3719 3461
3962 1129
4092 3962
817 277
4407 3719
2909 3719
1782 3729
59 140
3482 817
124 4866
950 1782
2560 124
2898 4892
3189 950
3024 2898
2651 901
3032 2009
3976 3189
1618 3951
2987 4427
1047 1995
719 3032
984 3976
2041 768
4308 2067
2999 2041
4210 719
3307 1674
78 4210
2040 4308
2004 3307
4550 718
1164 3522
4577 1155
825 4550
4808 1331
4898 4808
4010 2990
264 1646
2214 264
3492 4010
2141 3643
2672 3870
1543 2672
735 1543
11 3492
4219 2141
2270 2541
3476 3674
4995 4219
2340 4219
1601 2340
4876 3603
1559 2491
1718 41
173 412
1362 173
3312 1011
3926 3185
3252 4311
2812 3312
4003 4989
2878 2812
1791 2304
1017 4292
1491 3464
393 2687
2930 2878
1998 393
3244 3436
3281 4046
477 2930
793 1329
2316 1998
3466 4162
90 3585
1089 90
4056 4093
2985 1089
4041 4099
3272 2985
2954 3437
2282 4056
3449 2282
3876 4290
32 2419
3243 3449
3381 272
1826 3551
2607 1227
3232 548
3321 1466
1061 3321
1934 3321
3788 3232
2356 3788
3226 3788
421 3223
2509 1722
2883 4910
2594 4046
1908 2594
137 2594
3500 2509
1187 3068
1857 1600
988 4588
2695 3569
4203 1187
119 2261
43 3955
2673 303
3443 4203
4382 2673
3528 4382
39 3528
3295 1602
2546 3528
1385 3528
808 39
2420 2674
4409 3794
2623 4869
851 4495
1941 851
3335 851
4942 1941
2983 1373
3345 2983
1295 3345
1893 1295
4947 2756
483 1295
2456 1594
545 2009
4329 4066
354 4017
4521 354
1656 2299
4310 1656
2765 4611
2811 1151
384 4521
3816 2765
3989 384
4298 384
3697 3989
3915 943
1004 3989
895 762
269 3697
4439 1994
3153 4727
2030 4588
3886 269
816 2030
358 2030
3871 2549
573 358
3186 3871
3524 3871
2764 3186
1892 2168
1684 3186
506 1746
29 3524
2437 29
1821 29
1180 2437
3634 1821
3206 2437
3797 2739
1081 3206
789 1180
966 1151
4916 2990
3485 4916
677 1081
1096 966
1234 3485
3679 677
4435 3679
2195 4189
4405 3679
3398 3649
479 1847
1541 4664
4142 479
300 3398
2624 1541
2021 3729
1294 1541
3162 637
1516 2089
3796 1744
1758 397
1658 1758
4163 1516
3140 3373
1193 2490
2951 482
3896 1658
624 2866
4831 624
1097 624
4130 2951
108 1097
512 3058
2547 512
1564 1097
4301 2537
4799 3994
4141 1333
3005 1005
1717 3223
1181 153
1792 4799
4870 1181
4667 3967
961 730
1313 3576
4376 4011
1648 4292
2406 1313
3013 4376
2235 1648
4366 2406
748 4661
2449 748
2853 2009
2862 2853
4228 1400
3078 2449
2079 4470
313 1615
4001 1246
2331 3078
1007 4011
4348 1486
3014 4348
936 2331
232 936
1277 3014
645 1277
1663 1277
4349 376
2407 1277
388 2514
4371 4867
3900 4512
1265 377
4462 3224
4524 388
3841 3984
4080 4462
449 4695
2138 449
1919 3841
1544 517
854 449
1958 1544
2875 4089
3856 3781
4553 1544
3919 1100
1881 3856
3614 3601
3031 3614
2943 4553
4425 2943
2682 3614
1875 2943
3997 3511
962 4425
1125 4970
1834 3364
3055 3105
3998 1834
3786 1125
698 3055
2085 276
1001 3786
4207 1001
4868 3426
3306 499
2448 3306
4267 4055
1198 4207
3034 4267
2874 235
1213 4267
2174 1213
2119 1213
1721 1729
2494 4585
214 2963
2061 2494
148 2119
495 500
2939 495
3380 548
4951 3380
738 2939
4890 3439
205 345
1137 3380
856 4890
4839 2553
1388 1245
3255 1388
3173 3255
759 2517
1745 2767
4026 1745
2307 3269
3479 3241
3755 2307
696 2307
757 4888
4835 2307
2975 55
3872 696
1603 712
2359 797
2830 3266
378 4645
2786 2359
89 3212
1133 1995
4985 1133
4637 3731
1171 1133
1832 4637
4375 1566
3060 1245
3433 3060
4993 1907
1914 1619
3101 3633
2006 4849
2693 1863
4543 1914
126 1914
928 4957
3023 2172
4296 4543
115 126
4986 4296
4477 4610
2664 2048
1423 4186
3135 2664
650 4614
1476 3676
3809 1609
1224 4259
3969 650
2826 650
614 3809
4339 682
3146 614
615 4339
819 615
3930 4339
3484 701
4252 615
617 871
4761 1135
1152 4761
1384 1267
4313 4252
4934 4761
1557 2286
2841 1384
3221 3211
3529 3564
778 4248
2011 3829
635 3678
1778 1729
2551 3529
4433 4864
2037 4767
2876 2551
1817 1237
2857 2385
1499 2860
1540 2037
2814 2631
4469 2929
2798 4223
1174 3522
3665 2635
4222 1174
3375 1215
1685 3143
4265 1685
4123 398
3924 2595
2836 1775
4487 4123
2342 602
368 344
2110 3747
4647 2342
2526 2342
1683 3829
2418 2526
3048 1664
371 1088
2598 2468
4249 2511
456 4249
1054 456
3587 4248
250 3921
2758 386
1172 3587
3214 2180
2302 250
4138 1172
2749 4628
4848 1571
3505 2991
4741 2991
1524 3505
2485 4848
4789 4464
2345 4741
2872 4620
1763 4191
4045 3339
2128 4789
461 1558
3343 1659
256 4388
3895 3343
1691 256
3616 1691
2792 3343
610 3616
681 3616
3191 2729
1982 3616
1102 1982
843 4975
2706 682
2114 843
4929 1978
1370 2706
2964 2706
1986 4929
2599 2432
4574 2599
270 2599
766 1746
4734 4574
476 4574
2365 476
1474 476
1819 2402
4114 1291
1460 3824
2603 2277
1920 1474
2585 1920
1266 1578
1367 2603
4601 3518
4039 1266
1487 4039
4143 1367
1992 1290
1263 4918
1743 1263
2493 4490
1536 3109
2095 1573
2001 1066
79 2493
1534 2001
3773 3685
3637 2540
3845 3637
4722 3637
122 3773
416 548
2241 3845
2279 1775
774 122
3081 3810
3878 4148
2231 1322
3283 2855
987 602
2252 1587
3012 3878
3553 2252
2947 3935
4119 3553
2917 3012
1288 3553
1296 3028
937 3099
2809 937
2093 2089
4931 2516
1013 4931
113 3419
1869 2093
3961 1013
3791 4122
181 4827
1147 163
1309 3961
99 4633
121 181
1300 1147
3822 1300
4598 2787
678 1634
3814 678
4766 2824
2868 2159
4353 2012
2266 2868
4960 380
1607 4642
973 1607
2776 866
3974 375
1056 2115
1424 3974
325 2776
3198 2676
4398 4604
481 1056
4107 3198
3819 4107
430 4146
2884 4712
707 2884
1590 430
3931 1590
1765 2514
3909 1471
3898 3931
3624 3909
327 419
2570 4016
2190 327
155 2190
2201 2570
2339 3058
2186 2339
3669 1440
1790 1273
4877 1008
1563 3669
3000 1550
3045 1563
335 4105
561 335
1415 4748
3019 335
4475 3019
207 335
780 561
3130 4475
1377 207
4465 2112
3488 1377
4806 4465
2955 4780
4302 4534
1347 3601
260 3744
1488 4302
4229 1488
2578 693
1766 493
868 4229
3859 4383
761 3859
1988 1389
1623 3747
2415 4747
741 1988
4441 1692
1354 4679
1176 1062
2239 1354
1686 775
3808 1354
1481 4377
4484 822
3881 1215
453 1399
1326 3391
4385 4109
1939 453
1248 1939
4325 1939
1975 2979
1496 3595
4352 1975
3778 1523
968 3975
2145 3778
3779 396
3787 3779
3527 3257
1883 2433
1420 2145
1327 3787
1900 3527
1418 263
1811 3957
2194 1900
653 3266
2864 3866
2008 2194
820 4386
4649 3445
1753 4649
4279 2864
2887 226
2113 1753
4446 2115
3080 3378
3106 4512
3356 1504
4004 3106
4532 3630
4392 3106
185 4392
4702 424
2938 1106
4636 1053
4256 3678
1510 2429
3525 4636
3087 3525
4293 4636
2640 4076
2886 3525
3297 1847
3939 3087
2727 4387
458 3686
3302 458
2497 1070
4418 458
1130 4418
2759 1680
810 1815
3958 794
4254 4189
1810 3164
4883 3958
986 3166
4526 4554
3261 2375
2387 1810
4551 3261
3155 3389
746 182
1195 3155
1912 3722
1940 4551
2926 762
2148 2536
2499 1912
1087 2499
298 1087
604 2778
3259 2148
687 82
4887 298
2401 4037
2074 3282
605 2882
1036 605
4582 4129
1877 2074
4455 1036
563 4613
1254 1036
2371 3999
472 563
2207 672
3286 563
2515 4023
2931 1014
4841 472
3480 2207
2428 2976
2495 4841
1503 1781
2466 847
2552 602
2430 2502
1657 2495
4399 3143
3316 3109
2550 2208
2487 1657
4065 2550
191 4827
4875 3487
3384 2245
4159 2198
3100 2910
3358 4875
1809 3358
1346 3358
1822 3100
2256 2965
8 3358
978 1346
3865 1010
1533 2256
3862 2256
4669 1533
4459 4539
1854 2896
3820 4669
2558 252
929 4456
394 2558
2295 4227
909 394
832 2982
2936 2295
2417 1120
2837 2295
2974 2245
215 493
2344 215
2548 2974
3916 227
2757 2974
1472 2757
3132 3866
1814 767
2805 3141
3986 53
649 3373
3402 3132
4590 1210
54 2805
3839 4691
3110 3402
3308 1640
4323 54
1289 3110
3501 606
4915 4676
3598 362
3965 3501
747 3315
4692 3965
1927 3765
1148 4692
1923 1927
1840 3945
2877 1927
3486 1927
3991 2139
2052 1517
174 4470
974 1135
3644 106
177 3887
4520 2052
2802 4897
2518 361
4862 884
2504 177
1825 385
4306 2504
3875 3493
118 2086
9 794
555 2149
193 118
109 1430
2317 193
4335 1466
4822 2317
2730 4335
2046 2730
3404 2086
935 4437
4709 935
882 3870
4514 935
2480 693
3122 4514
2833 1520
1230 4514
2834 4750
1272 265
1382 4888
4412 1382
1704 1272
4391 2561
3121 1382
4270 1382
980 2611
539 2705
2205 2950
143 539
1673 539
180 143
4632 13
426 4632
77 4336
1769 3391
926 77
219 3599
3074 926
2669 1769
2697 1769
994 926
1324 3213
4175 1407
4685 4388
2503 994
2189 994
321 4175
2411 2189
4101 2411
2222 2189
3379 3452
1820 3603
2710 3379
899 3090
374 4498
3172 1668
4602 1820
2641 2324
1408 374
2467 4621
366 2467
2704 2641
274 2704
4111 1797
1207 4525
1713 274
4549 4111
491 2322
3800 1713
1328 1207
1371 1713
399 876
3390 491
4278 399
1894 1371
1837 652
2171 3390
4516 445
4683 1894
558 4717
2296 4683
438 4683
1251 2296
4696 1251
3556 2326
2160 2429
4651 2290
4372 2160
2654 4372
273 2160
2051 1566
4062 1466
1709 2654
2464 2107
3703 2412
4466 1709
1833 235
4908 1709
4561 4453
1121 652
1944 1833
3170 4561
2 4059
3544 730
503 1944
1352 216
1024 3544
1878 1352
4893 3123
646 1037
1113 1878
1458 31
4233 4148
1614 3718
3883 4233
4494 3109
2774 3197
3785 212
4434 4390
3795 4823
1625 4494
516 2774
2744 3795
3560 3577
4014 3990
4170 2112
133 4170
2988 730
4204 165
2481 4204
4684 2988
3217 2481
1897 3217
80 111
4978 80
4040 1897
4445 4040
3165 1897
4919 80
1050 4978
1665 3249
4095 2925
154 3165
1429 1059
1528 4095
3139 315
945 3812
2734 4782
2885 4860
4424 290
4797 2734
1009 3522
4544 2734
2275 2885
2656 4758
1599 1594
196 1009
4303 4544
3417 227
1719 1599
3073 3053
1570 1719
1583 3073
1979 4110
1987 3917
1741 3073
3775 1979
3558 4164
134 713
244 1987
3512 3775
620 1738
582 1604
721 2457
559 721
4389 721
406 4389
3535 1993
2354 559
1694 559
3287 3535
1682 3164
4608 1694
1973 1682
3760 3287
3039 3686
2381 6
1409 2508
4047 739
1425 271
4755 2895
4088 1409
101 1090
578 1425
4247 3993
4680 2158
4830 4088
2941 101
2248 4247
4452 725
4899 4452
2033 4452
923 1184
1217 4899
1795 4452
821 398
2202 2033
881 1331
3054 881
823 3487
1572 4792
1641 823
3196 881
1981 3054
1910 3083
3612 3633
3648 1641
3910 4503
4260 2976
1034 2674
1945 1034
733 1034
3710 2249
1055 733
3730 1055
1848 1945
3573 320
4471 3219
3517 3219
763 4011
4149 1848
2842 4113
1509 4149
2225 1591
3292 763
2218 2842
1876 2218
2528 1813
2637 3292
4926 2637
4906 2528
1846 2637
4937 2528
2440 4906
2026 4926
2655 3429
858 2440
628 2655
245 858
3592 858
4034 3088
2265 4053
3408 4034
2426 4034
3357 1978
2163 242
2858 3357
3726 2163
3966 2835
4946 2163
3229 3405
391 571
2181 4596
47 4474
2122 2181
1194 47
971 47
3311 1194
220 4989
4155 1659
3089 4155
2038 1389
2632 4155
16 220
2630 4595
4725 3089
4650 2632
3823 571
855 4650
3645 855
3767 4642
3668 3003
474 3645
3902 3767
3766 4053
3001 3766
1929 3001
4815 2313
3519 3674
3075 3766
347 3519
764 1018
1153 2756
293 242
130 293
4852 4493
84 409
4332 4852
12 3691
1191 4184
2471 4332
4609 4324
2166 12
4280 12
189 4609
4500 189
2683 4659
529 2479
873 4280
641 189
2082 4272
3756 2683
2510 2082
370 641
3208 752
4660 2082
3253 3756
800 4240
1279 3208
4396 3253
3330 4660
1138 940
1257 1138
4448 4320
3187 4853
2807 4448
683 3051
3698 2564
729 1318
1630 2807
4489 4472
62 639
213 4489
3342 4262
3589 62
3020 1151
1962 3342
104 1962
4501 4176
985 1962
4998 2804
3414 104
1864 4006
1807 4998
3657 985
1789 1159
3830 3590
1498 2352
1259 507
1785 3830
3531 1498
2981 3830
2750 1498
1131 1785
3133 2981
1921 4379
2472 3133
2351 419
2658 2472
3510 4530
1545 2472
3736 3028
95 3595
2014 2384
910 3590
1052 1545
4675 3376
286 4604
535 3171
4250 1517
2937 760
2775 535
3203 70
2434 2937
3195 4400
3008 4900
2154 1504
2221 2172
3927 4531
836 3927
4580 2221
2127 3927
2914 861
779 1885
2077 1560
1767 4077
2905 2914
93 2324
3296 779
3541 2077
3365 1767
965 3541
1983 225
4606 965
3084 1983
2763 3365
3009 1250
1366 3021
948 3084
1306 3084
2361 1306
845 424
2680 845
4626 3289
4837 4201
2806 2680
3111 845
922 2806
4145 922
136 3111
4199 1538
2178 4145
2622 2005
664 136
4972 2178
2020 1738
3783 3439
4075 4972
4564 4075
2108 3783
3540 2108
1804 3540
4739 1880
1633 4739
4198 4739
4180 4975
3761 2031
2369 1633
497 4180
983 2891
4314 171
3980 2500
1219 3664
3860 983
1902 3437
1904 3655
221 3980
3503 221
4192 4182
3735 1904
4052 3445
1419 4052
1849 4052
4244 4052
4508 2525
2146 1419
1177 2146
4419 2146
4401 2251
2844 4419
1951 1177
526 658
3793 942
4131 2844
48 4131
2320 2112
924 2320
3523 1340
4370 3523
4363 48
296 4363
3427 500
417 2010
1109 803
3817 417
2204 3817
1094 1109
1299 417
2946 2204
1242 1299
255 2638
2229 3439
890 255
3550 332
2220 3071
50 890
2712 784
2919 3372
2257 332
4359 142
3840 1074
3332 847
2170 3332
2039 1532
3536 1863
863 3354
2393 3536
295 4661
2155 3691
2211 863
1338 3309
3828 1693
2306 2155
1325 1338
2476 1338
2797 3844
484 3533
3670 1325
982 592
138 767
4865 138
1270 4865
2916 2771
459 138
2967 1373
1262 459
1861 4311
1799 1262
4708 2048
410 1262
1925 1861
3821 1925
3303 1925
2498 4708
1918 3303
3720 4979
3177 4912
1712 1918
403 3720
1492 3720
4958 1103
1896 1421
1192 2321
4350 2927
4214 4638
3235 3995
3490 1926
35 1192
1397 350
1412 1397
1522 602
952 1522
4826 35
3329 83
2169 579
4885 1223
3626 485
2431 3329
1759 758
3145 2169
509 1928
3473 509
243 1759
4194 243
446 243
4825 509
1866 3263
4136 4194
2056 1550
1959 337
3855 4671
4805 2564
1485 2056
634 4410
3618 2586
3234 3855
1655 1246
4463 4643
1752 158
2424 405
898 4463
401 420
2870 898
4513 3419
612 401
1454 4513
705 3257
4657 2870
740 4657
2250 1674
2867 2250
1702 740
2081 7
2618 1456
1201 2250
3693 2618
1078 1702
2109 2618
4121 1078
2760 4689
3157 786
2754 2760
4834 4121
619 2760
3491 242
2871 3406
141 2754
1427 3569
2396 2871
2934 2871
425 2934
3835 2254
2242 884
4337 3835
152 2242
4414 3049
3136 152
3968 4414
1282 2159
1307 152
3913 2031
3908 1307
2661 3597
2438 596
278 3613
1868 2438
547 4780
1852 2661
4672 1284
2861 651
1512 1868
4211 1852
1107 1512
2532 1512
2368 2328
3470 2368
4216 2368
2645 3470
3038 2703
2003 3470
3608 2003
233 1842
2901 19
1433 2484
1360 233
4699 3608
3571 4699
3422 1687
1381 931
1344 1360
2574 4699
3628 1381
1627 3628
853 4490
1525 404
2524 3205
2443 1525
4884 853
2346 2524
3611 1525
2142 857
3723 4884
2571 1225
1672 3611
2714 2855
3498 2714
1369 3498
2184 824
2685 419
4428 3929
2596 3746
3448 1369
2859 3022
695 765
2091 2859
71 225
669 71
2032 3630
1621 291
4721 2124
1577 669
4619 3617
4380 1407
2318 4406
4027 2318
798 3192
2847 1129
3825 4943
3750 3090
4845 1010
1411 3750
1232 1290
3361 1411
3147 4173
914 4845
3061 3686
2262 3993
3294 2262
2024 3147
1961 3655
1616 1961
3057 2582
349 246
3843 1616
3200 1961
3168 349
469 3200
570 350
3447 3168
4966 1606
2897 3082
2090 2535
3742 2897
3695 866
2813 613
4764 3742
3415 2780
2808 2725
1989 1439
2210 3415
2869 4764
1364 2258
514 2869
2054 1693
523 3699
76 1364
1104 4468
4977 1104
4983 3201
1139 1104
1264 3499
3254 1264
3180 1264
1190 2461
1556 1571
2642 1190
2017 3180
2848 1556
3653 1556
1414 3653
470 340
3833 2423
4690 3653
4060 470
3092 4690
694 470
787 3092
550 1604
4284 3092
2894 4284
209 787
1355 4019
2015 1333
3334 209
2492 209
323 1273
2921 2290
3688 2492
2849 3688
1041 4124
4859 2849
4078 3199
3647 3688
732 493
2405 732
4587 732
1903 4827
2421 4979
2076 1903
2662 4910
4716 1903
4961 2237
4566 2767
2724 2662
577 493
4165 577
2398 2724
2880 4165
3582 2724
3394 4089
2755 1233
414 4090
3948 3394
333 2755
3684 319
1391 3948
3496 414
2597 3496
920 2479
1042 3642
3545 1301
336 3496
3472 336
796 4567
906 2582
4241 3266
1653 3095
3247 1025
166 906
3947 2224
4491 1653
3018 4397
2293 4017
302 3018
3563 3282
1803 3563
3724 1803
839 4048
3069 3724
2747 4910
1406 524
1323 1151
4081 3633
2944 3069
1676 1406
3502 1323
4924 1040
3225 2535
2007 4262
98 3502
4132 2007
4020 4132
1552 1082
1829 2007
2099 1552
1286 4238
3877 739
3739 294
1853 2541
4907 3877
4873 1594
930 3739
4930 930
2652 4930
520 4930
727 520
2057 930
2226 4930
66 2226
958 584
1579 2226
870 1677
859 927
96 870
1099 958
827 3010
4894 792
1890 385
4215 4894
2681 1099
3782 3714
2308 2681
1482 1609
4740 4949
1236 3824
1379 3777
1319 4740
4318 1435
3388 1319
3869 1441
2634 4747
1595 4531
4274 2634
2083 2323
1990 4239
831 4182
1930 831
1749 4274
4655 1990
176 1990
2403 3585
4578 82
1710 4055
3789 3666
1298 4351
1489 2403
2995 1565
1701 2815
4775 1701
4540 2991
662 4540
3434 4775
2707 1701
4751 3434
1963 3600
501 4751
3104 3434
4338 4751
3538 880
1707 1963
2610 4710
330 67
4778 2610
2952 345
190 2952
3606 996
1671 330
607 2952
2956 190
348 2956
4269 4089
2367 348
56 607
4126 4269
4361 775
3757 4126
4140 56
3640 4676
502 1917
3386 4361
970 3386
4939 4140
2455 970
4193 2455
1726 3533
3497 4939
3362 3497
4944 1726
1274 3497
976 1274
2892 3497
1736 524
261 1560
4968 261
4030 1654
312 4569
3671 87
892 1159
4754 312
2092 4030
2281 4512
1141 2092
4522 892
322 4754
826 593
700 2409
4850 700
1942 700
1 566
3725 2915
2819 700
975 4603
2748 3725
720 68
3366 3430
1649 3366
665 1290
1145 807
2399 2925
3007 1994
4648 4055
3897 1032
4546 4648
2646 4648
4547 3007
1398 745
22 2646
3455 1398
631 22
2427 4878
135 2427
88 2005
2969 631
1637 631
2023 135
4879 4290
4190 70
3700 332
3093 834
2065 4190
837 1023
4591 837
1788 752
2462 1142
105 4591
4991 105
3983 4173
734 3983
754 3595
2751 4429
1170 754
2105 263
1049 2084
4420 754
3298 4048
3513 1049
51 3533
387 693
2465 277
552 639
1144 3513
2297 4770
4575 2465
4480 552
3469 1144
636 1273
918 4480
4631 1333
1154 636
3116 918
674 3932
3299 1154
3851 4631
951 3116
3094 674
913 951
1168 3094
1500 1334
3709 1168
2996 981
1818 320
1473 2996
1000 2996
2177 1322
1823 2177
4196 1823
3017 2576
2376 4596
1622 3185
4999 4118
2945 1622
1772 1622
4652 1622
268 1622
3454 4652
1529 4652
2088 268
883 4048
2164 3794
2818 2725
2284 3143
431 2164
4133 4326
4774 4457
2854 2284
1629 4774
2435 4774
1567 4133
902 4689
642 1629
157 2989
73 2435
4205 902
4612 4205
553 3109
4431 4612
2527 4431
1597 2527
4731 1797
4536 4122
4234 1773
3607 4897
1725 2612
4137 4536
3264 857
3313 3095
2045 1725
3218 2045
3620 4082
1777 4851
629 1114
4688 3464
356 2192
1589 1777
1574 672
626 18
2913 3293
488 626
3727 4390
2152 2913
586 3564
1605 55
3516 1775
1895 3516
3838 1008
4127 3838
1214 3564
4769 2328
540 2823
3098 2619
1436 4127
1442 1716
709 1269
147 709
2273 2949
2232 2677
42 147
1748 2273
3638 4525
4752 1628
1905 4333
4586 1748
1033 415
1118 4059
4364 1118
3641 1062
679 4586
1060 4364
4891 4438
2569 679
1229 2569
2422 4292
1626 3984
3534 1229
2116 3353
1714 2422
2684 3278
3933 1155
3411 4922
1392 3237
4784 1714
2852 263
2450 4784
2678 4784
4517 3315
3692 4784
3914 3577
1443 129
195 3692
3076 4517
3759 4792
3428 257
3609 195
3340 3604
4381 3340
2648 3340
1175 67
4793 1209
3635 567
2589 2176
4558 4923
44 355
1575 3635
3474 44
3654 44
1216 803
480 44
4969 3474
4745 3660
1761 3468
208 4969
280 480
3559 4969
1330 208
468 280
3103 1330
2197 872
127 1039
3291 2881
3738 468
4933 1210
329 3925
145 3291
3901 3278
4200 329
2087 329
4230 4556
4820 4394
1240 4820
3861 2087
21 2087
2060 1240
508 21
785 3429
2268 4853
3288 2929
2063 2268
1696 2268
3893 439
2452 847
557 2063
4954 3893
342 1808
3344 4628
3712 4954
1465 557
3904 342
4403 3904
1140 4122
773 1140
3526 773
1202 1383
4312 2949
4962 3526
1222 3526
3107 2635
1390 1202
963 3107
3740 3212
595 3920
2288 1002
3150 2745
1348 4579
3220 372
3108 4209
262 68
699 1348
4988 262
991 1634
151 760
2243 3605
1314 2243
2978 1290
3446 1993
3834 769
2588 3834
3979 3707
4212 3744
192 1005
1886 192
805 2588
478 1387
742 3002
783 478
392 783
4965 392
204 4291
94 2970
203 204
4018 204
2731 203
4051 2731
3179 203
3113 2409
3138 4051
4777 4093
4322 1802
3320 4777
1200 3943
306 1517
1548 4322
4572 1888
4573 3805
3349 38
840 129
3481 3158
4920 440
3248 812
1452 3248
3128 4560
4749 1285
1203 4749
2106 4166
450 2523
1949 2106
4012 450
903 4012
172 450
1243 450
4700 879
1092 4012
3035 4700
1046 1880
4404 1092
92 3035
3546 4183
4102 4404
4070 3546
2191 3758
308 3546
2382 4070
1464 2191
4964 3990
511 1250
4061 4568
2665 511
590 2719
2274 4061
4644 4689
3341 2274
4559 4644
230 4911
74 3341
1835 3954
3410 2506
956 4918
2182 4295
4395 1835
1879 3410
3568 19
2711 956
4623 2182
2483 1150
1335 3586
352 1150
4715 1335
1226 482
1531 1072
2298 1600
3581 1363
2773 1226
3570 1226
4624 3570
3403 3570
1345 4624
3006 4624
4108 1345
3494 2631
703 692
4635 3006
3489 703
3677 1706
4992 3494
3728 3489
3227 4635
1935 4992
809 1935
3400 3227
3818 4496
1957 809
3326 3818
2305 2490
1182 4568
4357 1957
4527 2305
2310 4527
2994 2305
1549 2115
3383 658
3702 4319
2839 2310
4735 2994
2738 4735
164 2738
4656 3702
3395 164
3508 1233
2906 81
2900 4449
3360 2906
2608 1747
4538 2906
334 2725
1909 2608
1513 2608
4321 2608
2350 1619
2357 2334
1720 1909
1660 1513
2374 866
3542 3284
655 2716
1584 1211
2789 1668
848 1304
990 1584
1312 4897
878 3265
1076 2789
2373 1421
4697 4048
2330 1076
3706 3211
4373 3706
4928 3706
249 3118
2157 4373
3465 2953
33 2157
1611 33
833 1611
706 833
4243 706
1679 4243
1386 1477
2303 1679
908 1386
3169 4918
3142 2303
2219 4287
3424 2780
1378 3424
3370 2055
3713 3424
1870 3424
2389 2329
4022 4829
2131 1870
3207 4167
2742 3378
346 2742
556 4832
2025 4753
4565 2460
2998 1695
3610 2457
1497 4605
2600 879
3374 2019
717 943
4701 2600
4158 989
1438 717
1754 3374
3627 1754
4730 4701
3708 1754
1127 1754
1068 466
1514 3708
2453 1068
4945 1576
4197 4006
4678 1322
1955 2453
4460 432
3148 4678
4103 2419
3033 4460
4783 3033
1238 4103
4096 4530
3658 2179
1757 3468
806 4096
1519 4096
1431 3658
4570 1519
2743 806
373 291
4195 4570
2327 4570
4668 2429
1636 2247
3580 1636
1906 2327
932 3824
1161 1636
1502 932
4718 3580
1403 1161
2584 1161
3565 4718
309 1403
1463 2584
4172 1403
953 4172
2702 712
3661 4867
528 4172
4417 4240
1506 1815
64 2055
4810 1506
4787 64
3167 2009
4703 4810
1967 4810
1302 1967
114 1302
2698 1302
680 1302
2810 1302
2080 758
17 762
311 2080
1750 311
2567 311
3275 311
3504 2567
451 2567
2392 2567
743 1189
1598 1435
188 3623
513 2843
1985 188
1970 1926
939 3975
3215 1970
2825 1985
811 584
3251 811
4285 2825
716 2825
1608 685
3971 811
2355 2827
3537 4238
4955 3971
1793 4257
4271 4955
3776 4955
505 3537
4067 4955
1417 505
3114 3776
2413 3776
1916 505
2386 927
1453 4116
2043 4379
3280 1162
2796 2386
947 1733
886 947
1067 3462
1353 947
1780 1353
1112 1783
1756 2674
1188 1756
1405 1353
4038 1405
601 2910
1708 2611
2071 1405
4785 3249
63 2071
2360 2446
919 2209
3615 2360
3432 63
4328 3870
1029 3533
2121 1029
3144 3278
413 3432
1468 4358
3689 2121
3554 688
4317 3554
236 212
3086 400
2059 236
574 2703
1950 1806
4354 1165
3771 4354
2349 4354
487 1363
4064 2349
1022 652
4005 4064
3458 4005
1342 4064
3552 165
2199 3920
3435 3188
310 4449
3052 310
1434 3435
4245 380
1393 310
1479 3619
1143 4905
3260 2173
2912 3935
4300 4031
1343 1143
2679 3250
2960 2679
4629 2912
284 4629
2513 758
562 2960
874 2960
2845 284
599 4959
238 2245
1899 3211
2863 1806
86 2986
4816 1899
1922 1523
2348 4728
3733 86
2132 3733
4562 3289
2144 1459
1283 2541
3673 4085
1015 2173
486 2635
2708 486
2933 486
1924 2933
1727 3451
852 2123
1948 4989
107 2482
2733 1727
1045 852
1755 3963
4171 2733
1723 107
418 242
1095 1723
3768 1960
4842 4171
4218 418
437 4218
2817 4842
750 2817
4901 750
3245 750
2167 4901
2718 2167
2832 938
1836 4186
3873 3464
2539 1227
2380 4076
3270 2539
3328 27
934 2591
178 3270
3393 739
580 934
4738 3393
2559 1441
4625 2013
3423 4625
1315 1018
1860 2559
1984 1887
3652 1315
4704 2932
2133 1984
1632 2827
4903 4091
2922 3652
1241 380
576 2922
4694 584
4840 1573
4266 4694
3371 3586
3124 3935
2873 4694
367 2873
463 3371
1185 3305
2230 4542
941 463
4202 1185
3690 941
279 2230
2521 3690
331 3690
3891 3690
3442 3085
167 731
304 1816
2522 3891
4592 4258
1132 4592
1645 925
1740 4592
2102 1551
1612 140
2378 4643
4904 1612
4533 4534
2688 2378
1996 2031
1244 4461
2737 150
1026 1996
1469 4006
2633 2670
2337 2633
3246 2633
3478 3932
697 3246
1308 258
1796 912
2397 1796
3407 1796
3996 3090
3763 3241
3182 3763
2501 2397
3102 3407
3687 3996
2942 3763
3209 2501
427 4167
799 3102
3409 3209
2044 2942
2606 2823
2287 799
1562 3932
4 1075
1437 83
4058 217
1422 1437
2529 3507
3981 2529
3240 4058
198 3981
2801 4770
4833 3981
4541 524
1724 2801
1542 1724
2851 2534
1530 1724
197 4614
1561 197
4408 1561
2469 4408
162 1247
1451 3777
667 1561
4796 4689
3936 2469
3131 3936
1535 4257
3026 3131
429 3099
2314 4000
4221 3109
3222 1535
702 527
3174 4221
3453 3222
3285 1221
1661 2979
1585 3453
691 613
4913 3285
1311 691
4154 1661
131 3711
328 531
433 3201
885 131
4268 885
1128 885
2889 2223
4416 1128
3832 4973
2583 3832
2117 1128
3942 3832
3857 2176
1968 1020
4185 3857
4169 1018
4630 3857
4479 4630
3336 2263
2829 337
907 1480
2153 907
3988 3149
4765 1915
1801 3436
969 726
1455 292
964 739
588 2036
1320 964
4581 1455
4515 1455
2777 4515
2924 212
813 593
4622 2924
1742 4461
3923 813
2347 1742
2255 4496
2104 3923
618 2255
254 4593
625 2505
4935 2104
1507 2208
518 625
2899 1507
3036 1507
1859 518
436 2441
4511 1374
434 4007
1798 436
4486 1798
4673 2209
623 2416
1394 2064
4936 3269
4940 623
3072 623
2752 2537
622 4596
1568 3219
3950 3072
2096 1568
4794 1260
4033 1209
663 4033
1735 2096
670 1571
3575 670
1038 579
846 2557
4980 2649
314 3493
2556 1882
1613 4980
2907 4106
4282 3774
755 2556
671 2556
144 671
1258 755
3382 144
3594 3382
521 144
3134 3594
3127 1057
3156 3533
4071 3156
299 3156
317 3134
4698 2192
1021 4071
2161 4071
608 1483
3631 1928
4914 3219
3300 2112
60 4914
2343 26
869 4093
4473 2223
2740 4473
4237 471
1208 4237
4653 1208
4504 1208
2865 4176
1650 4653
1478 2865
3561 3844
4844 3993
3115 4844
4821 2815
4150 4844
1063 4150
603 658
3588 3115
954 1722
2568 603
4634 2568
2269 2366
3583 2993
4759 2269
3806 1640
3656 593
2300 2010
2447 2300
3015 3656
917 2300
841 2300
423 2300
494 917
1122 2078
3784 2103
3662 2234
2715 2650
611 3662
4535 332
2377 4535
2267 3662
2029 4331
3949 4100
4773 4889
2175 1880
689 2267
4507 2328
116 2175
357 2175
3944 2976
1310 3659
3807 3125
4639 3944
587 1002
2134 587
2615 4639
3749 1247
4974 3749
4880 2134
916 239
737 4974
3323 3749
1368 4880
782 3149
2400 3284
3596 782
4497 782
2793 1872
1730 2400
1586 4497
3651 2793
4677 1731
1911 1746
2736 4676
1956 1911
4220 1573
4666 4178
889 1520
3905 927
1947 4220
632 1947
1652 2804
3591 4989
447 3649
318 3141
282 447
2530 3555
65 1978
905 2530
4073 2375
1098 4073
1971 4073
1199 65
3515 4161
4963 1971
790 3242
36 1871
4117 2203
3444 4182
1445 4117
4537 3985
2971 1163
389 1928
3230 1445
4368 2019
3888 1256
1351 389
3752 1351
564 3752
2100 390
161 2882
2968 4227
132 2968
1690 1333
2962 161
316 4664
2042 1980
3682 2650
1043 3682
223 3046
2253 316
3318 3212
4147 246
1372 3318
3290 1960
52 4147
2717 2094
4763 4147
1003 1040
3387 2227
248 52
231 4763
3801 2461
949 1156
2151 231
3922 3514
1521 231
3483 752
1196 3922
711 4600
3827 3922
2643 672
4519 2643
4583 2821
1546 3642
2097 4583
2741 2643
1699 455
2614 4148
3369 4011
3852 4620
2486 4771
4896 752
1019 1591
2592 3852
4206 1019
1028 4854
2980 4206
253 1019
228 1028
2691 1389
4801 3572
4617 2691
3973 4617
2699 3973
4482 4617
3934 4801
1116 4676
2726 3973
795 3934
2577 1116
2236 1116
2660 1100
441 2726
4342 441
2602 1155
4072 2602
2101 493
3790 2101
2831 340
467 792
1178 3790
3721 2101
2028 3721
1943 2992
3137 467
4641 2028
498 4641
1732 498
1631 498
4084 4641
2605 4084
4616 1025
4599 2605
1620 4555
2722 2605
4156 4616
2072 372
2533 536
2280 3236
359 2821
2475 704
4476 2997
2120 359
1681 235
1321 1681
1494 2475
1083 688
3798 1494
4421 2289
3363 4421
3460 4474
4737 565
4286 3460
1639 4512
4976 1639
1787 2628
2259 1722
3228 1639
1669 4593
160 3892
4861 1787
442 2259
2779 692
2022 1669
2436 4090
1350 3049
10 2436
4917 2779
4843 10
534 4917
3521 1885
2292 4695
2276 3042
2050 4148
2903 2050
2675 2156
2477 2903
4275 4495
3506 3431
3322 1783
1268 4502
3059 3506
2644 3322
2783 2986
850 271
3578 2783
3956 850
4002 2644
997 4002
921 1334
4160 3956
4177 4160
2363 4160
3799 647
2940 3799
4481 4177
1938 4177
3906 2940
34 4791
3412 1938
1554 1863
2879 2237
46 2850
2126 34
169 600
411 1247
3337 2879
3953 1072
1252 3337
1889 259
4283 1889
45 2576
4450 4283
1413 45
3907 45
1805 14
4950 45
2580 575
75 1805
1505 2580
4719 4290
3154 1505
110 2580
4707 372
4305 3844
4711 4305
492 4707
156 2457
4506 4305
1044 4474
3854 1247
1537 4506
3056 4994
4374 3056
1134 3056
1231 1537
28 2444
1841 3629
3457 1103
1349 2950
1444 4756
537 686
4079 537
3327 1444
2923 106
473 4079
1146 128
1058 1538
2370 168
57 1058
1580 2991
3044 1058
4430 4053
609 2286
2315 57
4895 2932
4345 2611
960 749
1357 3847
2694 1706
1901 4345
3351 1129
1850 4910
338 4720
2782 3351
1933 3963
714 1850
2390 1933
4881 4129
4458 3990
1667 4458
3338 4881
2762 27
3737 2385
1065 1667
911 1667
690 1065
1592 400
842 1592
1069 3265
3899 911
444 2053
2959 842
1891 4074
2659 432
3694 1891
4802 4832
4054 2959
2579 4802
2388 4802
3184 2388
4932 4054
3416 4932
5 4932
2713 4932
326 5
364 3416
2794 3416
1678 3732
4545 1167
1317 3765
2000 2977
1976 4122
2769 1976
2193 1716
3849 1976
3562 1604
594 560
4013 594
4042 1815
4316 2334
2066 4013
3317 4316
3041 3016
1337 860
2118 3258
251 1932
1737 2353
2761 1737
3359 1337
4032 3359
3065 2761
4276 4032
957 4276
3940 3193
2478 3955
728 2478
4094 768
4253 728
4814 2478
4984 728
2383 4984
1596 2383
285 1304
1206 2383
4187 2756
3352 4594
4886 1206
2709 639
3770 1006
3992 3352
1101 3352
2069 1101
229 2505
2213 1651
218 3068
2488 2213
3477 2488
4044 3477
149 4621
3715 4483
4235 149
4548 149
4938 1776
3377 2384
4009 844
1800 4654
2185 938
2187 4938
814 4262
1475 4116
3772 1800
597 3815
3566 4927
1111 1885
489 4336
4415 303
4112 581
496 489
722 489
4925 489
1991 4925
117 496
1117 2965
3853 1117
4732 522
673 3952
3745 673
1395 959
2264 1167
3279 4732
4049 4576
363 3745
2700 363
830 4049
877 4798
864 2972
2653 1508
1675 877
4762 1662
365 3315
382 2653
4693 551
896 1994
407 1733
1401 1928
4289 4236
2136 3685
3764 776
1205 1430
1711 4289
3646 999
3548 343
2791 1839
801 2500
4658 801
2285 1179
583 3621
4967 583
4135 216
3639 4135
3126 2285
15 4967
4499 15
756 2735
2609 2908
554 385
3160 756
3701 2609
4068 756
1275 3160
2626 3160
4705 4377
1527 943
3096 3265
4008 1275
2555 1527
1774 3016
3982 3096
815 3046
4589 3951
1462 1774
4557 943
2593 2311
4584 4589
4726 1815
1827 901
1105 237
2647 1105
25 1105
4646 1776
1964 1105
3274 1964
1539 2815
2272 2566
3152 1539
543 1539
2958 3274
175 3043
2893 4518
4168 543
4744 2958
3456 2505
4523 339
2068 3597
2911 4168
3667 4523
724 3667
4315 2068
591 4878
2902 1995
1953 2732
288 616
549 2902
2062 3803
4713 360
3262 2062
4128 4713
3579 2321
519 3004
1999 3579
1856 2746
2150 519
1235 3970
4024 319
4021 4024
4681 106
4528 4021
3204 4021
1253 4528
3928 4021
3324 3995
2016 3204
3705 4953
1446 3705
1884 3705
2621 3324
867 1446
4956 4603
656 652
2686 2621
4663 867
972 2686
3397 4956
3811 3929
2701 1571
4863 536
533 3532
1865 533
159 4863
2271 2781
4365 4863
3903 2271
3874 2271
2135 1074
2601 1126
3027 3210
998 2111
3319 2135
1084 769
4686 1084
3842 4299
2364 1084
1016 2636
2690 3842
2663 4257
2362 3842
4304 1223
3547 3224
4225 3487
1048 4304
267 1048
4179 2192
4384 4665
2785 171
3011 4179
4996 2785
4836 4179
1771 2785
3413 2785
3938 548
4838 3938
3183 3141
4982 343
544 4982
4378 4838
542 4838
448 4378
3216 4378
648 3216
4818 4990
4742 648
4226 1602
4687 4191
1228 4742
4288 4818
4083 129
828 1477
657 1518
668 828
4120 1885
3276 657
1361 657
1271 668
1937 4120
1220 1255
120 3276
1688 1361
4028 1688
3885 4019
2216 2545
900 4028
