1000 999
191 103
555 103
904 103
231 191
822 555
256 904
41 231
865 41
210 41
734 865
315 191
552 315
254 555
648 315
419 552
435 315
854 904
878 103
626 555
394 878
521 878
257 904
735 904
592 521
881 555
484 257
527 257
635 191
601 881
26 635
50 484
803 191
336 191
139 231
956 904
482 956
373 103
809 191
298 904
15 956
579 15
411 579
561 15
235 555
600 904
719 411
239 719
913 561
940 235
511 600
982 904
291 231
571 982
978 231
948 982
916 231
217 978
728 231
369 103
621 231
902 916
975 217
852 904
401 904
688 621
483 902
320 191
580 688
388 483
545 191
973 580
921 103
224 921
382 555
892 224
713 191
108 892
38 892
506 108
939 713
341 713
703 108
449 38
899 341
95 103
344 555
585 449
356 95
331 95
329 904
362 555
564 231
718 564
756 331
166 362
707 904
766 103
717 555
147 103
196 166
775 555
819 775
591 819
232 103
634 904
887 232
313 232
266 232
43 191
983 313
534 191
308 103
825 231
391 103
150 983
784 555
88 391
199 150
2 191
673 191
85 103
658 199
83 555
488 2
114 103
261 85
153 658
932 261
743 114
343 103
655 904
712 555
321 191
392 343
665 712
868 712
898 231
958 898
133 103
385 898
941 103
897 385
923 385
323 385
772 941
276 772
498 897
804 191
279 804
389 804
438 276
58 231
31 389
446 191
532 438
213 31
636 446
46 555
48 103
641 213
971 46
968 641
577 103
172 641
934 968
981 103
608 981
250 981
609 608
683 231
136 608
722 683
184 250
363 904
866 184
699 136
906 184
473 866
972 473
672 231
339 473
799 103
642 191
738 642
430 799
530 103
112 103
763 738
535 763
792 112
442 191
186 442
915 186
1000 442
456 555
999 231
123 999
159 555
451 1000
942 451
509 103
946 123
281 231
705 103
640 705
307 904
578 555
190 281
919 190
922 919
929 578
6 191
327 904
520 555
597 922
229 929
850 555
964 231
241 229
398 850
764 191
874 241
835 904
7 191
342 103
499 874
450 499
170 342
179 170
19 170
846 103
936 904
297 555
59 103
452 936
476 936
706 452
361 191
737 452
796 706
132 737
516 706
605 737
268 737
433 796
988 605
460 231
251 605
996 555
120 460
80 460
300 996
749 251
82 996
379 80
917 80
277 917
774 917
263 555
661 191
267 103
984 904
474 191
832 191
646 904
748 267
806 904
896 231
833 806
794 191
630 748
280 806
288 280
486 103
837 191
695 904
559 555
689 904
537 559
57 191
930 904
105 559
396 904
478 231
500 930
301 103
79 555
723 191
53 478
875 191
586 79
895 875
487 895
724 895
725 586
657 103
870 725
625 724
779 724
607 231
135 555
752 231
614 779
187 191
858 904
144 614
616 752
575 858
935 187
367 144
912 935
29 191
260 912
471 912
287 191
130 471
993 904
182 130
543 103
234 993
624 234
667 543
821 182
918 667
807 191
619 918
24 191
326 904
770 24
843 555
143 24
962 24
489 191
180 770
37 555
470 904
94 489
289 37
324 37
744 289
970 324
583 970
650 191
853 744
967 103
920 103
613 191
408 967
693 231
593 231
345 191
788 191
595 555
742 555
668 742
126 595
842 555
330 668
122 668
493 555
247 493
333 231
977 191
21 247
834 977
485 247
332 103
252 21
4 103
403 485
434 332
773 103
826 231
160 231
76 826
791 76
965 231
797 826
633 904
901 791
753 231
284 103
883 797
952 191
306 901
519 904
282 904
453 103
165 952
27 555
549 191
32 555
508 231
610 103
439 32
566 32
397 566
694 566
262 191
168 904
928 566
148 928
181 231
185 928
701 148
856 181
860 148
938 555
582 103
200 860
611 856
813 582
539 103
174 813
400 813
862 174
378 400
265 539
228 191
750 904
504 904
945 504
812 231
372 504
768 945
497 372
275 945
14 275
730 103
808 14
269 808
13 191
869 730
421 730
569 231
40 904
198 103
733 191
927 733
716 555
726 198
142 904
214 726
346 927
220 142
99 726
158 191
384 214
795 191
304 220
769 231
692 304
873 103
204 103
776 231
129 692
840 191
682 191
91 129
778 129
417 555
115 682
510 91
727 417
674 510
412 115
550 115
515 103
425 550
87 555
337 550
154 550
127 154
12 904
468 904
954 103
222 468
90 904
156 90
317 156
447 317
357 904
599 317
889 103
469 904
780 103
882 231
22 469
240 904
848 469
976 555
553 191
227 976
312 848
924 231
787 103
541 924
523 103
17 541
253 555
380 904
696 103
645 696
422 17
815 555
676 645
910 904
664 422
188 555
359 555
518 904
891 518
467 103
283 231
740 891
841 904
536 191
690 231
588 841
413 904
548 588
273 191
371 588
405 904
319 231
631 371
34 103
490 371
25 191
985 319
427 34
798 490
844 231
248 103
61 427
639 61
355 61
209 639
654 209
849 639
360 639
296 103
931 296
255 555
134 103
399 931
477 255
830 231
28 555
302 191
55 904
507 477
286 28
1 555
75 191
205 103
68 1
957 286
157 957
407 957
423 231
219 904
684 219
827 157
554 904
409 231
847 103
751 684
335 103
137 904
303 904
92 847
125 231
416 103
681 416
169 231
444 681
961 416
529 904
93 169
558 103
479 555
100 529
375 558
368 555
622 368
745 622
563 904
295 375
109 103
436 295
565 191
771 103
761 565
429 103
503 904
45 761
406 555
354 761
747 45
944 45
709 904
531 709
914 709
35 709
218 191
151 555
963 218
838 555
998 35
424 838
947 555
824 838
715 231
293 947
544 555
576 555
953 103
370 544
376 904
294 953
3 555
426 103
687 3
557 231
183 555
943 183
649 426
121 904
140 943
851 943
783 851
216 904
72 783
760 851
290 191
669 103
546 103
271 669
685 555
194 271
880 194
206 555
790 271
949 206
903 790
465 231
584 903
428 904
885 231
340 465
98 103
101 98
617 340
863 101
666 617
383 666
514 904
309 904
480 514
351 383
937 191
70 309
464 480
193 70
759 70
175 231
81 759
325 193
404 555
347 904
54 231
736 404
679 404
18 904
638 54
739 231
596 191
364 191
42 904
951 638
69 951
244 191
755 42
71 42
671 555
859 904
203 904
758 203
987 231
620 859
195 203
131 620
299 987
789 131
215 191
66 904
704 231
793 555
960 231
782 793
458 960
374 103
305 458
989 231
56 458
845 555
603 56
149 103
110 555
116 56
966 191
612 191
124 103
818 191
691 904
316 555
653 231
522 555
249 316
990 555
762 316
513 191
767 990
274 767
710 191
285 231
63 767
111 63
992 285
893 111
415 555
96 63
390 103
994 893
278 231
9 994
986 103
164 986
5 9
864 164
230 231
805 986
97 103
777 5
49 777
10 777
857 191
628 904
662 231
167 857
823 628
155 904
765 662
457 555
839 765
494 191
980 191
358 980
353 457
311 980
338 555
328 231
440 311
542 311
886 542
623 231
8 103
73 886
698 886
741 904
697 623
202 741
84 73
23 697
547 23
538 23
629 547
496 84
562 231
448 555
615 231
602 562
656 615
708 555
211 615
589 211
39 589
393 211
785 555
754 393
178 555
574 191
161 103
119 191
242 161
908 161
686 574
455 231
714 103
905 686
30 455
208 686
746 905
811 231
47 30
102 231
258 102
979 904
933 979
348 102
118 103
647 191
74 191
443 231
492 647
604 443
711 555
568 604
890 443
627 103
243 103
817 627
177 555
861 627
872 191
969 555
820 177
512 177
420 969
189 872
551 820
855 512
974 420
526 191
52 974
598 974
556 191
221 974
501 555
163 52
590 501
721 590
997 163
377 103
567 377
781 191
677 555
212 677
911 103
643 191
528 643
264 904
259 904
466 643
594 643
816 528
44 103
871 466
414 191
836 871
651 103
637 555
463 637
146 637
89 904
106 637
65 106
197 146
67 904
138 904
437 138
925 65
233 555
700 437
431 700
381 555
352 231
955 191
366 103
432 352
879 904
395 103
292 879
162 879
802 231
86 802
462 162
270 292
909 555
660 555
402 904
907 231
732 660
560 904
877 732
663 877
587 732
349 191
16 231
141 555
454 231
418 555
926 418
310 231
867 926
78 867
441 926
525 310
831 310
675 831
680 103
491 675
173 555
995 103
801 173
659 231
104 555
991 555
652 991
223 652
570 555
410 991
581 103
814 570
207 904
481 581
670 581
829 103
828 191
238 828
226 238
720 103
959 555
11 191
387 226
445 720
606 555
113 103
171 387
51 103
350 231
365 113
107 904
731 171
632 107
246 107
62 103
505 62
272 231
900 904
334 505
461 555
876 904
888 103
810 103
800 191
201 461
618 231
524 888
236 810
502 524
20 904
64 904
472 555
475 231
459 191
644 475
117 644
322 472
314 555
33 644
729 103
533 555
128 555
386 128
237 33
225 555
894 237
540 103
702 225
572 225
192 572
318 894
77 191
678 192
884 572
950 231
757 950
36 884
517 950
60 904
786 904
152 60
495 555
145 786
245 145
176 231
573 152
