1000 999
207 201
811 207
18 811
658 18
689 658
455 689
843 455
934 843
153 934
457 153
303 457
387 303
103 387
395 103
586 395
972 586
611 972
638 611
287 638
945 287
97 945
169 97
285 169
63 285
703 63
284 703
844 284
16 844
858 16
651 858
528 651
402 528
970 402
862 970
739 862
895 739
755 895
390 755
461 390
146 461
406 146
951 406
226 951
652 226
574 652
143 574
809 143
882 809
385 882
779 385
107 779
308 107
795 308
542 795
527 542
921 527
89 921
851 89
171 851
221 171
702 221
223 702
681 223
655 681
883 655
880 883
133 880
112 133
450 112
698 450
849 698
585 849
48 585
587 48
522 587
932 522
579 932
685 579
38 685
59 38
437 59
86 437
78 86
767 78
320 767
442 320
986 442
578 986
633 578
185 633
214 185
364 214
438 364
575 438
248 575
75 248
659 75
667 659
763 667
817 763
7 817
748 7
261 748
368 261
660 368
283 660
666 283
392 666
616 392
167 616
941 167
741 941
550 741
537 550
414 537
279 414
840 279
6 840
263 6
544 263
507 544
311 507
217 311
747 217
99 747
910 99
819 910
391 819
584 391
462 584
418 462
949 418
426 949
549 426
566 549
87 566
367 87
82 367
451 82
135 451
790 135
47 790
608 47
822 608
37 822
399 37
218 399
310 218
388 310
108 388
202 108
966 202
234 966
188 234
262 188
981 262
886 981
879 886
820 879
468 820
523 468
147 523
276 147
472 276
23 472
432 23
115 432
456 115
831 456
734 831
301 734
516 301
65 516
71 65
28 71
874 28
192 874
812 192
637 812
396 637
200 396
899 200
278 899
995 278
857 995
482 857
380 482
94 380
271 94
417 271
911 417
787 911
64 787
398 64
938 398
712 938
220 712
45 220
102 45
771 102
465 771
600 465
708 600
60 708
154 60
850 154
459 850
948 459
407 948
236 407
323 236
357 323
823 357
339 823
294 339
363 294
187 363
834 187
964 834
609 964
699 609
762 699
88 762
832 88
684 832
375 684
871 375
274 871
173 274
902 173
346 902
159 346
890 159
661 890
300 661
913 300
595 913
690 595
137 690
814 137
675 814
11 675
654 11
738 654
859 738
854 859
793 854
403 793
58 403
299 58
866 299
473 866
728 473
606 728
257 606
686 257
868 686
51 868
590 51
41 590
61 41
976 61
393 976
79 393
784 79
539 784
423 539
782 423
648 782
205 648
572 205
508 572
286 508
644 286
733 644
95 733
408 95
164 408
610 164
541 610
374 541
498 374
304 498
521 304
273 521
176 273
265 176
195 265
514 195
634 514
647 634
797 647
950 797
351 950
34 351
401 34
235 401
757 235
125 757
860 125
775 860
328 775
66 328
190 66
76 190
362 76
487 362
74 487
531 74
639 531
554 639
121 554
975 121
621 975
897 621
477 897
940 477
717 940
81 717
62 81
46 62
292 46
709 292
475 709
324 475
152 324
696 152
620 696
2 620
772 2
275 772
680 275
163 680
182 163
669 182
128 669
91 128
446 91
241 446
267 241
881 267
43 881
693 43
524 693
894 524
110 894
594 110
25 594
479 25
535 479
289 535
846 289
17 846
156 17
617 156
591 617
694 591
170 694
509 170
758 509
760 758
435 760
567 435
559 567
411 559
598 411
745 598
222 745
704 222
441 704
291 441
744 291
776 744
519 776
250 519
252 250
480 252
602 480
466 602
149 466
90 149
925 90
628 925
40 628
754 40
349 754
53 349
674 53
571 674
440 571
1000 440
893 1000
430 893
997 430
377 997
123 377
996 123
973 996
569 973
101 569
765 101
885 765
990 885
428 990
495 428
671 495
240 671
129 240
969 129
810 969
142 810
511 142
35 511
415 35
177 415
642 177
458 642
181 458
580 181
400 580
306 400
474 306
804 474
297 804
543 297
960 543
476 960
952 476
32 952
722 32
626 722
746 626
824 746
853 824
592 853
49 592
729 49
889 729
148 889
20 148
715 20
954 715
502 954
958 502
944 958
358 944
627 358
529 627
166 529
318 166
84 318
955 84
335 955
613 335
532 613
512 532
355 512
604 355
464 604
977 464
974 977
313 974
119 313
915 119
449 915
546 449
39 546
237 39
869 237
44 869
316 44
57 316
162 57
589 162
727 589
481 727
988 481
470 988
545 470
605 545
145 605
691 145
641 691
282 641
5 282
69 5
344 69
701 344
168 701
184 168
556 184
791 556
603 791
756 603
366 756
919 366
325 919
929 325
515 929
269 515
109 269
576 109
957 576
904 957
984 904
781 984
625 781
319 625
293 319
12 293
725 12
31 725
864 31
632 864
210 632
295 210
3 295
821 3
863 821
493 863
347 493
496 347
761 496
445 761
903 445
719 903
122 719
447 122
842 447
307 842
280 307
412 280
179 412
469 179
416 469
909 416
740 909
917 740
55 917
896 55
454 896
752 454
920 752
194 920
494 194
448 494
788 448
127 788
551 127
678 551
460 678
85 460
309 85
665 309
786 665
931 786
331 931
174 331
558 174
134 558
596 134
731 596
24 731
922 24
865 922
631 865
664 631
209 664
165 209
828 165
564 828
350 564
56 350
716 56
361 716
405 361
183 405
505 183
901 505
333 901
943 333
341 943
383 341
839 383
875 839
735 875
227 735
92 227
891 92
196 891
203 196
434 203
794 434
956 794
565 956
947 565
255 947
253 255
836 253
281 836
471 281
700 471
105 700
770 105
624 770
431 624
26 431
662 26
116 662
833 116
9 833
1 9
692 1
233 692
905 233
404 905
492 404
467 492
796 467
421 796
204 421
443 204
378 443
640 378
538 640
808 538
42 808
22 42
789 22
413 789
4 413
987 4
629 987
228 629
750 228
802 750
653 802
80 653
247 80
978 247
798 978
353 798
155 353
268 155
118 268
562 118
711 562
805 711
232 805
500 232
216 500
111 216
8 111
714 8
208 714
663 208
835 663
215 835
254 215
723 254
884 723
389 884
900 389
705 900
930 705
924 930
630 924
887 630
942 887
878 942
656 878
577 656
126 577
923 126
270 923
360 270
753 360
376 753
485 376
759 485
444 759
83 444
557 83
453 557
912 453
806 912
959 806
77 959
50 77
100 50
13 100
837 13
277 837
636 277
373 636
777 373
530 777
370 530
93 370
410 93
918 410
946 918
334 946
433 334
130 433
736 130
359 736
962 359
329 962
742 329
588 742
838 588
870 838
778 870
936 778
104 936
296 104
497 296
371 497
799 371
372 799
21 372
15 21
965 15
225 965
238 225
599 238
266 599
510 266
491 510
726 491
424 726
801 424
555 801
749 555
985 749
499 985
872 499
888 872
290 888
861 290
668 861
10 668
841 10
764 841
612 764
825 612
927 825
161 927
994 161
354 994
826 354
721 826
212 721
348 212
139 348
547 139
552 547
120 552
649 120
381 649
713 381
983 713
618 983
720 618
697 720
314 697
619 314
993 619
513 993
29 513
288 29
382 288
96 382
751 96
650 751
249 650
560 249
504 560
305 504
914 305
534 914
54 534
409 54
614 409
848 614
724 848
117 724
132 117
140 132
807 140
251 807
131 251
420 131
397 420
429 397
718 429
113 718
677 113
568 677
939 568
873 939
503 873
172 503
622 172
150 622
852 150
245 852
312 245
478 312
157 478
961 157
856 961
688 856
773 688
206 773
992 206
326 992
14 326
158 14
219 158
246 219
847 246
695 847
336 695
597 336
427 597
737 427
540 737
178 540
581 178
224 581
683 224
330 683
231 330
536 231
553 536
818 553
774 818
829 774
676 829
199 676
768 199
937 768
845 937
898 845
816 898
180 816
526 180
490 526
489 490
803 489
191 803
710 191
679 710
343 679
27 343
186 27
601 186
229 601
369 229
488 369
673 488
260 673
136 260
548 136
876 548
302 876
419 302
33 419
855 33
340 855
953 340
197 953
213 197
124 213
345 124
682 345
230 682
907 230
971 907
298 971
70 298
730 70
706 730
365 706
643 365
138 643
484 138
672 484
991 672
422 991
68 422
769 68
315 769
908 315
211 908
517 211
384 517
198 384
525 198
926 525
980 926
607 980
615 607
707 615
998 707
501 998
193 501
259 193
452 259
635 452
800 635
657 800
272 657
815 272
239 815
425 239
52 425
573 52
979 573
989 979
593 989
114 593
935 114
379 935
322 379
483 322
783 483
258 783
352 258
646 352
321 646
175 321
867 175
338 867
963 338
30 963
570 30
623 570
877 623
670 877
19 670
506 19
916 506
256 916
244 256
436 244
928 436
73 928
356 73
743 356
561 743
906 561
486 906
732 486
645 732
792 645
967 792
892 967
106 892
563 106
332 563
342 332
394 342
67 394
827 67
72 827
687 72
830 687
141 830
337 141
264 337
36 264
999 36
317 999
439 317
243 439
533 243
189 533
160 189
327 160
463 327
151 463
144 151
813 144
520 813
785 520
518 785
766 518
242 766
982 242
968 982
780 968
582 780
933 582
386 933
98 386
583 98
