1000 1000
665 706
706 355
355 100
100 936
936 758
758 523
523 849
849 957
957 487
487 603
603 937
937 572
572 895
895 594
594 867
867 327
327 40
40 291
291 15
15 422
422 152
152 772
772 724
724 360
360 880
880 705
705 588
588 129
129 835
835 234
234 756
756 624
624 660
660 421
421 659
659 870
870 947
947 315
315 472
472 460
460 922
922 206
206 240
240 302
302 272
272 829
829 879
879 791
791 426
426 34
34 740
740 486
486 93
93 357
357 981
981 371
371 346
346 481
481 255
255 176
176 44
44 45
45 432
432 136
136 131
131 598
598 526
526 399
399 505
505 184
184 817
817 471
471 958
958 710
710 540
540 586
586 745
745 347
347 98
98 87
87 408
408 229
229 942
942 411
411 205
205 928
928 203
203 858
858 677
677 164
164 743
743 449
449 373
373 464
464 754
754 13
13 335
335 145
145 549
549 141
141 797
797 246
246 749
749 974
974 862
862 869
869 271
271 685
685 769
769 752
752 121
121 329
329 916
916 112
112 815
815 637
637 757
757 405
405 177
177 493
493 615
615 11
11 314
314 871
871 827
827 163
163 468
468 799
799 516
516 200
200 135
135 36
36 433
433 366
366 548
548 379
379 201
201 680
680 376
376 988
988 698
698 216
216 679
679 643
643 962
962 748
748 106
106 792
792 41
41 695
695 893
893 478
478 807
807 253
253 295
295 976
976 189
189 709
709 2
2 734
734 595
595 987
987 276
276 499
499 157
157 320
320 736
736 9
9 874
874 298
298 190
190 596
596 236
236 173
173 840
840 608
608 667
667 831
831 553
553 834
834 8
8 328
328 56
56 65
65 934
934 159
159 568
568 664
664 654
654 969
969 751
751 542
542 514
514 239
239 932
932 866
866 889
889 658
658 362
362 678
678 501
501 180
180 918
918 805
805 245
245 602
602 750
750 258
258 49
49 29
29 763
763 708
708 984
984 721
721 43
43 570
570 876
876 803
803 953
953 764
764 213
213 479
479 348
348 442
442 836
836 344
344 990
990 790
790 124
124 547
547 861
861 719
719 364
364 89
89 741
741 917
917 1000
1000 639
639 536
536 70
70 84
84 211
211 242
242 732
732 23
23 326
326 977
977 83
83 534
534 311
311 672
672 875
875 446
446 707
707 341
341 463
463 492
492 26
26 204
204 770
770 496
496 35
35 980
980 692
692 753
753 435
435 139
139 773
773 74
74 648
648 760
760 267
267 583
583 281
281 80
80 767
767 783
783 312
312 214
214 269
269 412
412 550
550 401
401 188
188 356
356 541
541 668
668 299
299 277
277 454
454 143
143 985
985 294
294 897
897 336
336 337
337 855
855 995
995 513
513 883
883 342
342 652
652 38
38 587
587 300
300 650
650 185
185 140
140 944
944 693
693 863
863 919
919 321
321 786
786 884
884 991
991 642
642 4
4 530
530 349
349 305
305 151
151 854
854 183
183 894
894 415
415 202
202 844
844 482
482 963
963 338
338 800
800 665
674 800
850 371
778 674
531 778
585 800
440 314
813 585
821 201
210 531
169 585
774 957
852 526
949 145
318 210
921 318
914 774
439 136
354 985
46 914
76 354
418 741
964 46
723 471
938 46
552 964
175 206
887 547
219 124
647 175
737 710
528 737
171 183
458 219
280 647
313 680
251 528
729 171
617 658
606 84
425 729
94 617
905 606
890 884
24 709
469 425
502 348
776 469
361 741
137 469
841 255
951 366
619 320
720 870
738 449
711 708
120 245
363 738
943 478
611 120
428 611
507 321
383 943
489 507
12 677
811 507
885 12
903 811
731 770
597 885
391 13
128 829
249 836
252 98
109 597
374 827
465 829
580 143
909 709
58 374
265 58
386 9
612 267
842 685
380 386
565 612
456 692
798 583
929 380
99 587
331 815
114 929
228 929
403 300
307 831
490 695
661 969
95 740
712 460
970 549
368 970
309 712
634 368
616 712
961 188
172 634
911 349
244 634
882 911
927 911
781 911
622 882
290 797
983 958
564 294
670 346
888 622
64 290
506 64
146 1000
427 888
762 11
839 762
906 8
592 762
954 530
510 763
27 184
808 906
445 808
681 928
434 445
90 27
933 658
635 434
263 550
261 635
48 635
566 855
859 698
31 261
400 758
838 859
820 859
86 854
186 791
727 820
289 727
367 844
759 748
994 289
517 727
788 267
591 835
904 56
75 591
111 517
166 790
967 75
939 341
22 271
332 111
381 918
375 332
881 939
600 881
823 855
81 375
833 881
438 751
404 652
410 823
282 81
409 124
388 410
689 404
227 840
641 388
789 689
212 867
563 836
826 227
78 870
739 78
1 792
860 1
303 860
538 863
847 454
630 303
722 200
217 303
971 847
578 971
178 936
632 917
198 844
420 632
902 206
101 178
370 692
494 902
148 893
511 371
63 928
165 468
816 165
907 816
946 63
324 23
278 183
108 816
935 173
243 615
14 421
796 243
293 379
47 36
896 229
254 112
19 254
105 93
6 47
7 6
742 13
317 6
771 499
497 827
132 771
20 497
913 321
67 497
700 67
257 67
223 20
555 937
730 555
218 555
945 223
696 471
444 976
279 411
455 897
626 279
569 344
107 444
59 455
802 922
793 626
920 460
556 281
345 49
266 764
873 345
17 858
10 345
3 291
715 10
574 705
259 867
593 3
810 667
972 272
377 593
620 810
125 74
948 958
306 377
390 620
92 408
116 371
646 932
520 116
353 189
941 505
845 941
877 486
604 583
406 540
466 769
144 604
225 604
527 406
130 863
522 225
828 144
322 750
915 753
872 298
256 522
274 786
32 915
533 709
429 32
744 36
480 429
618 769
865 618
982 429
925 618
908 98
250 987
649 797
930 871
71 56
134 706
623 930
138 134
848 134
417 848
535 570
518 587
675 138
662 736
521 518
589 535
150 23
397 637
187 202
960 397
316 150
398 187
474 187
369 40
653 316
365 326
609 143
500 315
359 365
209 937
275 359
149 359
640 500
998 855
467 998
52 467
688 467
319 688
676 467
973 52
174 676
560 665
221 560
372 174
607 594
226 174
525 560
384 364
389 607
725 435
761 389
297 349
448 761
795 297
590 448
270 44
470 590
122 305
804 918
912 87
378 912
621 122
819 122
102 819
351 421
451 707
195 643
476 102
30 513
601 918
625 471
284 200
779 13
450 625
717 139
441 668
424 56
747 984
956 424
430 637
196 956
287 430
765 196
996 196
334 827
182 196
156 442
286 156
529 953
690 156
851 529
924 540
241 668
794 690
768 229
304 752
310 768
323 790
992 304
825 152
775 992
61 825
484 825
473 258
989 870
248 917
878 248
701 989
194 701
558 399
857 701
575 124
728 194
733 637
133 733
782 145
755 782
562 755
160 229
97 133
900 97
416 160
117 416
605 160
247 2
235 117
830 247
856 239
993 603
118 830
396 803
704 856
42 980
395 721
687 704
62 56
340 315
561 180
901 45
453 883
691 26
999 300
333 999
260 200
926 932
682 707
846 341
414 672
423 926
651 672
21 423
288 423
950 454
273 651
892 288
577 937
55 360
997 41
268 180
966 997
154 577
801 311
931 342
582 652
170 582
461 140
387 931
644 387
787 936
37 787
571 387
512 764
554 764
119 512
233 37
208 512
599 83
431 45
699 208
350 643
85 772
167 399
716 350
814 570
557 947
161 654
457 161
702 814
60 161
610 743
33 610
230 883
447 33
579 33
77 157
504 987
975 504
443 710
979 188
296 460
551 979
784 8
822 443
232 551
419 586
891 321
537 232
104 822
382 419
986 104
262 891
713 602
436 262
325 382
631 713
785 631
50 325
407 180
812 407
544 932
231 598
220 544
113 812
483 113
343 471
837 483
636 220
485 598
28 464
666 953
191 598
613 666
88 594
68 200
940 80
959 749
292 959
573 321
491 736
703 677
532 959
673 532
197 831
51 703
509 496
657 673
718 509
158 183
663 158
392 695
965 803
330 305
955 672
103 330
735 608
123 735
57 735
498 57
18 123
806 123
746 806
155 478
110 928
181 806
39 806
581 800
339 181
459 200
477 339
629 758
683 477
462 459
515 462
910 683
53 121
222 486
543 910
308 515
868 308
224 543
73 918
684 543
215 224
413 827
126 224
524 792
777 355
385 463
66 777
952 777
127 1000
545 65
283 385
818 988
168 513
192 871
179 183
567 179
656 89
824 656
142 505
638 142
655 362
697 963
393 824
645 827
25 827
898 136
358 34
115 415
864 25
207 536
843 743
147 358
238 267
923 238
437 923
576 238
686 576
79 164
301 34
54 437
69 732
162 446
899 301
726 756
503 726
264 355
452 162
285 953
91 452
628 503
546 426
16 499
714 16
559 628
352 559
968 559
519 352
193 968
627 487
237 193
495 968
832 519
671 751
82 832
72 211
614 327
766 614
394 82
809 246
694 760
199 8
780 255
886 49
402 809
475 530
508 229
96 475
978 886
539 335
853 539
5 508
669 40
153 5
633 539
488 637
584 253
