1000 10
496 497 1761
498 499 3234
311 312 7698
557 558 8137
581 582 9552
382 383 1339
462 463 215
532 533 634
50 51 8222
724 725 8357
43 44 7371
265 266 5970
966 967 8013
589 590 6733
204 205 3439
555 556 2430
237 238 8555
474 475 6729
834 835 81
539 540 5687
400 401 775
919 920 7359
211 212 4825
150 151 920
318 319 8278
624 625 8441
258 259 723
133 134 3995
128 129 7971
779 780 2119
621 622 6124
233 234 7396
33 34 4911
450 451 4537
428 429 1041
675 676 2885
391 392 8037
380 381 4010
950 951 9049
805 806 67
387 388 9650
626 627 200
405 406 8087
772 773 3785
517 518 2415
519 520 6904
804 805 6704
458 459 4900
107 108 1730
912 913 1634
930 931 3991
440 441 3506
90 91 9147
967 968 3115
874 875 1359
767 768 9397
521 522 7948
419 420 8998
251 252 2535
786 787 9967
348 349 2925
206 207 4333
175 176 6822
453 454 7922
158 159 2766
451 452 3880
907 908 3803
347 348 428
482 483 8820
585 586 5685
665 666 4234
764 765 8833
486 487 5956
357 358 1477
232 233 7541
247 248 2432
690 691 1744
263 264 6189
816 817 5848
847 848 9386
176 177 4949
669 670 3315
507 508 1728
393 394 8766
921 922 9951
721 722 1685
771 772 5759
964 965 3404
248 249 9538
559 560 6570
468 469 2017
645 646 7222
390 391 1665
308 309 9639
623 624 2846
970 971 653
739 740 7485
479 480 8589
464 465 3863
236 237 2853
16 17 9434
344 345 2814
529 530 8807
187 188 7559
316 317 1263
143 144 5367
379 380 4736
2 3 530
255 256 8500
605 606 7877
873 874 1413
209 210 1214
989 990 9488
114 115 7592
862 863 1633
542 543 9348
689 690 3168
806 807 2872
481 482 8154
343 344 944
680 681 8616
947 948 5339
485 486 6751
314 315 9550
556 557 9981
274 275 8479
828 829 1252
358 359 9788
246 247 8151
280 281 8060
876 877 3046
692 693 1504
981 982 85
649 650 8318
661 662 8336
754 755 2911
270 271 3350
355 356 9672
228 229 3665
929 930 3090
415 416 5464
634 635 5657
290 291 9891
172 173 817
99 100 377
117 118 8660
535 536 728
630 631 7458
995 996 1475
706 707 8214
330 331 8598
562 563 4001
684 685 9043
20 21 5132
825 826 9498
364 365 1513
508 509 5776
978 979 1037
773 774 6254
570 571 6500
597 598 2052
501 502 5475
511 512 7310
988 989 2296
430 431 4883
652 653 4442
220 221 6646
569 570 7111
666 667 4905
256 257 5021
618 619 7808
923 924 3663
697 698 6496
307 308 8117
636 637 1090
965 966 3559
1 2 3081
149 150 4584
80 81 549
894 895 8134
572 573 2586
713 714 3413
905 906 8540
28 29 3260
147 148 3709
945 946 6794
987 988 4099
814 815 61
899 900 8362
148 149 3081
543 544 1234
276 277 3622
566 567 4656
397 398 4305
658 659 4527
240 241 6120
953 954 6193
69 70 6796
123 124 3086
766 767 6177
872 873 2660
108 109 9870
381 382 1096
89 90 6137
916 917 966
956 957 7822
23 24 3034
219 220 5193
273 274 1580
480 481 5182
853 854 5759
224 225 4708
837 838 9305
515 516 1733
340 341 8300
443 444 4856
885 886 7503
141 142 4285
429 430 868
167 168 6343
843 844 2539
403 404 7682
96 97 7283
241 242 3891
136 137 3839
120 121 1149
776 777 4218
302 303 1828
157 158 2104
439 440 2565
587 588 5396
178 179 530
884 885 3180
627 628 5294
475 476 8079
327 328 3764
762 763 8536
546 547 9319
418 419 5113
113 114 5370
657 658 2673
54 55 2571
904 905 758
955 956 2613
917 918 7560
533 534 1183
563 564 3929
8 9 6997
234 235 4223
943 944 908
901 902 9346
933 934 1172
881 882 1070
638 639 2058
681 682 7353
823 824 3115
910 911 1213
758 759 7782
751 752 8303
168 169 5588
742 743 3021
297 298 3964
394 395 6999
595 596 1002
889 890 8381
903 904 8784
545 546 5807
392 393 4423
635 636 7190
962 963 6182
603 604 8100
332 333 3850
459 460 2049
181 182 7801
866 867 4
813 814 6164
244 245 673
895 896 9922
212 213 9014
831 832 2422
442 443 6027
979 980 3346
78 79 8101
376 377 5460
731 732 9132
161 162 8511
287 288 8503
198 199 6509
795 796 1469
82 83 3413
34 35 2413
865 866 1714
737 738 6322
759 760 9404
58 59 8717
467 468 3326
856 857 1609
643 644 8098
800 801 1171
644 645 69
975 976 9346
264 265 7092
729 730 3349
221 222 2362
749 750 9425
848 849 8013
213 214 431
782 783 422
51 52 9537
959 960 3940
191 192 2351
399 400 9494
406 407 7403
897 898 4489
4 5 9417
66 67 1396
3 4 4457
286 287 352
374 375 1593
303 304 3490
413 414 1925
306 307 2694
579 580 2577
928 929 9766
129 130 6815
313 314 6024
547 548 3199
980 981 5252
768 769 2966
647 648 2671
650 651 5447
789 790 7748
510 511 6668
860 861 7042
52 53 3921
592 593 101
138 139 2328
688 689 135
503 504 3105
985 986 5703
835 836 1657
424 425 8247
704 705 9990
369 370 118
973 974 5848
811 812 2263
434 435 5848
402 403 143
736 737 565
617 618 9662
266 267 9871
695 696 3052
818 819 8020
137 138 6769
900 901 6125
310 311 7627
420 421 6925
127 128 9018
513 514 5488
514 515 107
619 620 6424
193 194 2346
6 7 7703
409 410 3904
386 387 9900
500 501 843
708 709 569
159 160 7876
781 782 5293
568 569 8960
472 473 2263
551 552 546
808 809 8277
38 39 9049
610 611 1093
705 706 6623
601 602 8314
861 862 6640
691 692 7524
483 484 6446
271 272 6995
560 561 3296
456 457 4657
320 321 3680
229 230 982
13 14 8963
105 106 3493
277 278 2981
753 754 3606
164 165 2505
599 600 2165
892 893 5020
875 876 9846
350 351 947
971 972 5192
794 795 9226
890 891 7647
86 87 1069
215 216 6667
116 117 4056
457 458 7917
525 526 4117
699 700 5144
609 610 1095
821 822 2754
528 529 238
315 316 9775
924 925 5582
329 330 934
849 850 9598
30 31 4382
124 125 1735
145 146 8069
349 350 5348
505 506 2378
319 320 520
361 362 4737
231 232 360
395 396 5936
37 38 6468
267 268 6297
317 318 6254
152 153 9311
836 837 8331
718 719 9942
582 583 3122
416 417 3371
484 485 6075
250 251 7625
146 147 9004
722 723 4886
407 408 9500
289 290 1075
798 799 7218
932 933 2435
323 324 802
819 820 6101
493 494 9347
594 595 7397
91 92 5372
360 361 8762
422 423 3386
5 6 3755
829 830 8152
335 336 8344
21 22 3398
93 94 7009
735 736 1124
815 816 6337
625 626 3640
851 852 8490
346 347 719
686 687 2290
549 550 4486
598 599 1815
208 209 7850
41 42 4063
111 112 419
77 78 26
667 668 2638
976 977 2642
97 98 5216
192 193 1310
131 132 6334
994 995 3152
268 269 876
783 784 1447
614 615 764
694 695 5239
824 825 2375
974 975 6100
225 226 3502
214 215 7462
304 305 4495
275 276 9205
366 367 7307
171 172 5319
295 296 567
740 741 6442
36 37 5017
324 325 9806
664 665 1549
88 89 6805
765 766 6644
155 156 7397
100 101 8364
840 841 5100
639 640 3108
608 609 2019
44 45 9377
854 855 1604
19 20 3060
629 630 2014
125 126 6404
852 853 2351
257 258 1315
487 488 732
755 756 2169
896 897 7345
362 363 7101
574 575 8473
741 742 8016
565 566 4537
130 131 9394
296 297 7607
830 831 4221
469 470 8370
613 614 567
951 952 2996
423 424 7700
941 942 911
524 525 3646
83 84 822
491 492 9803
957 958 6594
460 461 8785
48 49 8054
135 136 598
11 12 8280
370 371 1667
463 464 4904
685 686 1111
328 329 6481
70 71 4093
990 991 4390
293 294 1638
471 472 5522
216 217 1760
671 672 5339
79 80 3876
757 758 4219
780 781 3987
991 992 8331
49 50 524
855 856 1077
426 427 9987
969 970 7711
414 415 7339
651 652 9628
577 578 4143
98 99 4729
452 453 4913
633 634 6862
139 140 3708
701 702 1435
564 565 4550
833 834 1912
942 943 5196
312 313 6293
906 907 4982
502 503 5650
544 545 4610
39 40 2013
602 603 3052
24 25 9976
284 285 7131
748 749 1550
444 445 5817
447 448 9188
249 250 5080
7 8 9751
863 864 8348
902 903 7182
401 402 8901
774 775 2376
301 302 6564
166 167 7854
588 589 3822
886 887 2314
752 753 7461
606 607 7998
65 66 275
174 175 7037
292 293 7123
801 802 451
785 786 3332
87 88 5593
926 927 3584
909 910 565
520 521 5974
377 378 8663
421 422 3130
616 617 6251
632 633 6679
9 10 1961
75 76 6587
607 608 8517
972 973 4973
949 950 4377
74 75 5244
793 794 3270
153 154 3502
944 945 4374
799 800 5582
156 157 9905
523 524 5667
396 397 7144
968 969 5918
600 601 5515
278 279 1636
561 562 3368
548 549 8221
948 949 4353
673 674 2204
796 797 6265
663 664 7716
870 871 9840
417 418 7239
670 671 5746
687 688 724
845 846 1634
914 915 5247
461 462 6135
611 612 6999
144 145 9654
476 477 1634
492 493 9694
121 122 4727
939 940 1187
745 746 7965
378 379 149
448 449 604
534 535 537
822 823 273
61 62 9450
784 785 8898
996 997 482
222 223 7544
326 327 7720
57 58 8119
612 613 646
918 919 5953
934 935 1026
432 433 9768
553 554 9513
218 219 577
207 208 4739
473 474 8269
714 715 4945
938 939 3347
527 528 5406
365 366 2027
744 745 7781
732 733 1135
118 119 9229
620 621 6394
878 879 9232
201 202 6559
433 434 1377
431 432 8167
746 747 9484
530 531 9182
628 629 5692
183 184 2638
640 641 1101
660 661 1038
56 57 3944
702 703 6835
698 699 5690
242 243 1878
761 762 4890
653 654 1690
165 166 2467
338 339 2812
227 228 5872
477 478 3399
47 48 5163
646 647 511
850 851 5487
299 300 8482
538 539 2456
682 683 8638
372 373 6908
738 739 3241
637 638 3654
134 135 1907
763 764 5054
55 56 248
591 592 3469
279 280 9511
802 803 1340
747 748 5008
238 239 8421
245 246 5691
869 870 1637
518 519 8816
707 708 5766
205 206 5458
368 369 5998
540 541 5576
398 399 882
573 574 5847
864 865 8551
668 669 4239
586 587 2547
408 409 6750
940 941 2923
384 385 4114
454 455 7931
888 889 6393
913 914 7112
309 310 681
53 54 8977
719 720 7362
262 263 1748
179 180 4381
199 200 6752
871 872 2469
703 704 8978
583 584 3765
678 679 1907
550 551 6455
997 998 7516
40 41 4780
288 289 2906
230 231 8975
683 684 9409
908 909 1476
184 185 1302
536 537 3560
95 96 2649
984 985 6278
177 178 2392
891 892 9787
898 899 3155
73 74 736
679 680 2659
235 236 7331
359 360 5664
936 937 9711
122 123 2583
927 928 9278
911 912 4010
283 284 1853
946 947 2073
803 804 1308
252 253 7441
342 343 770
425 426 384
922 923 7145
883 884 1237
778 779 6572
846 847 5227
925 926 5278
109 110 2963
880 881 2535
305 306 306
576 577 8005
26 27 9197
32 33 3530
203 204 7512
495 496 3556
352 353 3515
977 978 4524
993 994 571
937 938 2359
239 240 7054
777 778 8211
180 181 6976
101 102 5173
154 155 3666
103 104 5573
438 439 3307
522 523 3059
298 299 3215
727 728 9262
63 64 2098
915 916 1165
291 292 1554
710 711 4776
300 301 8606
427 428 5390
654 655 2474
217 218 3847
200 201 6696
325 326 6166
243 244 1485
797 798 5402
788 789 3902
85 86 2335
64 65 712
960 961 6035
998 999 4589
27 28 8469
554 555 2564
253 254 1520
982 983 2694
725 726 6476
142 143 478
809 810 5796
185 186 4978
62 63 1511
272 273 8533
709 710 120
385 386 1447
259 260 5037
720 721 6754
373 374 8789
656 657 5330
188 189 7082
615 616 6061
140 141 9732
470 471 2242
281 282 5612
567 568 4461
893 894 5632
412 413 4999
792 793 2637
389 390 9687
750 751 2369
72 73 7210
92 93 1938
46 47 8431
504 505 3743
375 376 9722
604 605 512
552 553 8785
354 355 3757
958 959 8242
817 818 6379
631 632 1206
446 447 319
404 405 7689
282 283 2046
676 677 5777
112 113 5636
791 792 7821
734 735 8109
826 827 935
94 95 3821
173 174 528
983 984 2282
499 500 3777
126 127 2087
331 332 5086
84 85 1650
321 322 8168
226 227 4474
285 286 5239
712 713 3825
455 456 9511
60 61 8568
489 490 7208
76 77 9471
659 660 1021
920 921 2292
842 843 5222
260 261 2297
445 446 3366
341 342 439
810 811 9391
723 724 8257
512 513 5659
769 770 9418
999 1000 6399
25 26 4968
717 718 7234
655 656 2882
261 262 9697
827 828 8639
10 11 5014
195 196 3815
841 842 4672
163 164 7256
339 340 6721
17 18 5672
437 438 9603
132 133 1987
67 68 2080
642 643 107
466 467 5064
858 859 6068
411 412 7111
494 495 1059
812 813 7440
662 663 8578
14 15 5740
110 111 5606
541 542 9123
115 116 7285
223 224 4308
571 572 888
672 673 2817
490 491 9132
954 955 6658
194 195 5959
790 791 4735
760 761 3919
371 372 650
832 833 4954
337 338 7620
526 527 5574
726 727 1308
877 878 6585
857 858 2539
333 334 6777
770 771 6882
31 32 7957
42 43 6644
584 585 5416
202 203 2070
963 964 8470
711 712 5536
18 19 5741
334 335 4927
509 510 1153
336 337 7083
383 384 3877
648 649 6883
189 190 2800
867 868 6881
992 993 1720
363 364 2611
22 23 4404
743 744 266
35 36 9299
488 489 4667
478 479 3618
294 295 4094
558 559 4187
882 883 9548
807 808 7273
733 734 3943
410 411 4235
151 152 581
931 932 2243
730 731 757
449 450 1784
879 880 1058
12 13 2591
952 953 679
356 357 9184
367 368 8595
622 623 9892
190 191 1786
388 389 9275
197 198 3812
322 323 2073
596 597 6854
465 466 6063
506 507 7536
497 498 6122
537 538 8072
170 171 51
104 105 2260
838 839 5281
15 16 4709
516 517 2238
182 183 4961
531 532 1080
575 576 3547
436 437 9464
45 46 2383
254 255 6842
887 888 4788
677 678 3947
715 716 9219
674 675 3437
986 987 1246
578 579 6746
693 694 321
81 82 2674
169 170 6533
593 594 5965
71 72 7874
935 936 3192
102 103 8250
68 69 6742
210 211 9119
839 840 6607
269 270 4643
59 60 3555
728 729 2971
441 442 7541
961 962 2233
162 163 561
820 821 4126
29 30 4098
716 717 876
787 788 5331
345 346 6672
353 354 3019
435 436 3808
580 581 8629
590 591 1965
351 352 6604
859 860 2860
844 845 7187
641 642 9503
775 776 1565
700 701 9810
119 120 860
196 197 1165
868 869 1018
160 161 8918
696 697 906
106 107 8511
756 757 82
186 187 34
