1000 233
369 81 477
81 5 8547
81 626 2296
369 596 4228
596 542 5688
542 961 1909
961 211 5147
596 629 1546
629 202 7634
202 546 3272
546 979 2730
979 901 7551
202 26 1984
26 185 2030
185 129 508
129 52 5220
185 445 1025
445 174 1066
445 580 4679
580 745 3658
745 868 4885
580 178 3357
178 930 9338
930 963 177
963 354 2513
354 774 7599
354 24 21
24 642 6251
642 122 6768
122 364 4062
642 879 3890
879 276 7245
276 57 2608
57 818 2537
818 512 7824
57 366 4648
366 157 4445
157 13 2970
13 258 6193
258 500 8431
500 116 2593
116 132 5275
132 136 5981
136 598 4576
136 96 7304
132 896 6489
896 970 9796
970 594 4680
594 120 3906
970 205 826
205 293 8338
293 140 5142
140 637 4182
140 248 4027
248 98 5319
98 469 6694
469 392 1625
392 988 5339
988 379 9297
379 434 8393
434 712 5752
712 285 9538
434 635 1989
635 655 4712
655 324 2075
635 310 6164
310 960 9359
960 284 2871
284 886 9133
886 611 1903
611 97 1301
97 378 1725
378 508 7177
97 83 3634
83 321 2653
321 488 833
488 260 6474
260 653 8800
653 524 5512
653 520 6731
260 269 9625
269 104 201
104 103 1872
103 175 3806
175 866 4228
866 568 7190
568 397 6851
175 651 2204
651 554 8881
554 576 2499
576 292 6948
292 65 984
576 563 2037
563 748 5288
748 668 5695
748 236 463
236 796 1451
796 772 5053
772 306 3333
306 956 6935
956 267 6956
772 305 986
305 198 5012
305 633 484
633 362 4619
362 314 7664
314 606 1316
606 884 1092
884 702 2815
702 663 3180
663 289 7822
289 537 8791
663 545 3380
545 783 6045
783 398 8948
398 805 3959
805 183 9587
183 388 2150
388 318 2515
805 736 8467
736 854 4649
854 188 9462
188 852 9450
852 586 3037
188 984 1102
984 329 1497
984 390 3499
390 992 2552
992 869 6549
869 62 3183
62 265 9487
265 968 9856
968 684 4168
684 943 850
943 468 6692
968 346 8786
346 927 4865
927 619 4359
346 938 6229
938 575 7679
938 771 7538
771 765 402
771 23 6469
23 151 7270
151 725 6447
725 518 5416
151 733 7580
733 51 6033
51 148 7565
733 357 94
357 740 851
740 676 8565
676 243 5908
243 262 6652
262 890 7953
890 399 3361
399 770 8148
890 864 7803
864 63 5912
63 711 4697
711 623 986
864 219 1750
219 612 904
219 167 5153
167 257 2599
167 685 3947
685 382 291
382 101 7463
101 806 8306
382 158 2871
158 974 1493
974 68 2195
68 953 3273
974 679 4313
679 235 9464
235 277 6071
277 107 6080
107 275 3396
275 371 2103
107 298 9997
298 317 3489
317 231 2953
231 355 4913
355 700 5748
700 71 9604
355 201 2866
201 567 9108
567 78 7752
201 1 668
1 50 1372
50 334 8800
1 660 8005
660 544 9473
544 419 6055
419 82 9510
544 511 2072
511 301 2
301 533 9800
533 976 5886
533 463 4659
463 671 2670
671 645 3731
671 479 6853
479 352 2294
352 647 8043
647 300 2669
300 622 8364
622 690 475
690 14 6064
622 128 6818
128 150 471
150 784 5904
784 909 6122
909 593 5383
593 802 1652
784 589 2078
589 376 4600
376 824 7111
824 414 9829
414 739 5268
739 673 8482
824 307 4980
307 656 3272
656 114 7955
307 179 7386
179 363 2781
363 670 6378
670 442 3739
442 677 8932
677 407 8615
407 841 8397
841 530 7954
530 403 2345
530 769 5250
769 809 6599
809 37 6740
37 282 4270
809 618 4963
618 727 7214
727 531 333
618 470 1780
470 915 4036
915 19 6236
19 788 4254
788 797 5770
797 141 4239
788 863 6331
863 834 370
834 559 1350
559 516 2511
516 785 5637
559 959 9831
959 754 7490
754 710 5260
710 36 4137
36 999 1227
999 393 4393
36 338 6866
338 302 4966
302 77 3324
77 517 5481
338 757 3362
757 144 7629
757 850 4177
850 465 4963
465 76 4228
76 897 916
897 790 9232
76 432 5542
432 165 4481
165 582 5916
582 228 3673
228 457 4868
457 669 2152
669 6 7926
6 70 638
70 549 6390
549 242 4256
6 35 1007
35 316 4091
316 7 6766
35 29 2995
29 514 274
514 494 607
494 119 4606
119 430 4410
430 1000 1834
1000 218 8998
218 602 1276
1000 400 3151
400 85 8674
85 99 3108
99 32 2864
32 749 2654
85 264 7284
264 455 4179
455 969 6881
969 343 4552
343 585 9762
585 831 2422
831 973 5384
973 177 5678
831 822 2447
822 734 252
734 931 4181
931 437 372
822 751 7241
751 17 6922
17 428 4628
751 570 8247
570 998 1013
998 719 7745
719 966 7593
966 746 1286
966 349 8352
719 898 8550
898 261 2047
261 332 6537
332 159 3900
261 644 3322
644 971 6039
971 795 8925
644 803 2781
803 340 8902
340 115 1578
115 56 65
56 203 9432
340 480 4811
480 193 968
480 303 9194
303 828 3584
828 238 6351
238 358 1223
358 574 6030
574 826 6602
238 367 5403
367 213 6402
213 760 194
760 778 2324
778 907 7381
778 501 4792
501 553 3336
553 916 5125
501 871 2384
871 38 4621
38 253 9828
253 990 7286
990 814 6668
814 761 2716
761 610 1185
610 197 6341
761 779 5106
779 493 109
493 875 5474
875 862 360
875 695 8038
695 625 5538
625 412 9791
412 641 2848
641 281 2857
281 58 5336
58 395 2784
641 112 9207
112 10 6558
10 782 8813
10 933 2161
112 311 1960
311 780 1566
780 985 2354
985 225 4284
225 730 8946
780 579 7146
579 634 3971
579 240 423
240 4 5881
4 254 4944
254 230 6602
254 350 3166
350 424 7963
424 328 5670
328 169 702
169 451 655
451 234 775
234 720 810
451 482 6128
482 615 1134
615 100 5200
100 737 8017
737 877 7277
877 111 4399
737 605 873
605 962 2612
962 683 7182
683 856 80
683 199 5522
199 466 2347
466 123 8592
466 776 7481
199 441 3912
441 61 945
61 643 8116
643 422 9210
441 93 4442
93 675 8439
93 967 5984
967 173 323
173 756 3382
756 162 2585
162 191 9840
191 117 1344
117 842 4606
162 406 542
406 126 1998
126 548 1733
126 290 7703
290 987 8126
290 342 9218
342 208 2902
342 233 2494
233 41 6494
41 991 7301
991 268 3367
41 917 5458
917 704 834
704 89 9798
89 821 979
821 368 3180
368 921 8389
921 171 8459
821 124 3444
124 447 9333
447 33 2927
33 587 2653
587 599 127
599 738 1365
738 607 8636
607 752 449
607 113 4746
113 666 7572
666 409 288
409 556 2441
556 698 2178
409 16 829
16 423 790
423 944 3910
423 532 8532
16 280 5267
280 380 9479
380 681 7785
280 728 7761
728 561 5973
728 272 1437
272 241 1127
241 526 1430
526 810 2271
810 166 924
166 993 8760
993 744 1802
744 137 9312
744 904 3570
993 628 5245
628 804 4996
804 467 6496
467 223 7897
804 204 5122
204 237 4212
237 578 2884
578 484 1922
237 820 5309
820 196 6808
196 415 2210
196 42 7749
42 873 8985
873 190 9390
190 892 4891
892 564 9246
873 658 4273
658 387 157
387 955 8724
955 499 2058
955 474 7917
387 558 1048
558 319 3494
558 146 5395
146 601 8829
146 881 2116
881 560 2670
560 475 7588
881 913 3918
913 808 1981
808 168 1158
168 845 9162
845 389 3329
389 815 4005
168 509 3411
509 440 4802
440 726 4569
726 8 6294
8 164 6724
440 939 9877
939 108 3101
108 12 5285
12 581 3978
108 986 8437
986 313 4674
986 535 8868
535 91 4034
91 443 8947
443 507 5376
507 299 9110
299 483 7356
299 902 9645
902 609 6509
902 538 849
538 34 5039
34 476 5338
476 829 2965
829 825 7709
825 138 9277
138 209 6882
209 781 6041
138 882 6786
882 572 2395
572 487 5721
487 659 7143
659 577 5805
659 427 523
487 525 1711
525 102 8451
102 701 7246
701 583 1587
583 816 7903
816 323 2530
323 176 5564
176 296 2692
296 654 3555
654 152 783
152 521 3077
521 906 2501
152 365 6159
365 694 2186
694 79 9856
79 226 5803
226 844 8695
844 259 7057
259 308 7193
308 759 384
308 229 6373
259 73 1253
73 878 9660
878 627 9606
627 972 7294
73 900 2798
900 801 2000
801 555 9366
555 996 9940
996 327 4157
555 456 9888
456 664 1650
664 620 8959
620 703 3485
703 147 3236
664 413 6861
413 28 6014
28 552 5152
552 391 9552
391 540 5921
540 885 2286
885 717 8981
391 860 8421
860 753 4796
753 75 1166
75 40 4629
40 394 6950
753 221 6212
221 256 8037
221 592 4143
592 381 2947
381 687 4409
687 861 1747
381 344 2607
344 3 4014
3 186 5392
186 502 5404
3 603 2365
603 883 4758
883 918 1695
883 674 6521
674 411 4645
411 867 3344
867 982 5479
982 67 8130
67 216 6579
67 624 8692
624 227 495
227 252 8082
624 55 4595
55 335 6415
335 510 368
335 872 3575
872 937 1188
872 377 1515
377 153 4741
153 181 2168
377 811 8465
811 665 7304
665 597 204
665 543 2607
543 934 251
934 325 4612
543 838 705
838 534 9209
534 706 4977
706 692 6097
692 505 964
505 127 7341
127 813 854
813 682 2658
682 206 3862
682 356 5498
356 614 6001
614 333 5692
614 47 9979
47 874 8931
874 923 4383
923 478 6826
478 416 3365
416 433 8978
433 709 3240
416 359 84
359 255 2552
255 192 779
255 86 1598
86 661 3644
661 513 2946
513 631 62
513 472 948
472 90 9501
472 439 9020
439 386 7550
439 361 464
361 723 9725
723 847 6758
847 125 5440
125 914 5821
914 639 7721
639 794 2781
794 25 6674
25 345 6730
345 330 2994
330 833 8523
345 131 2730
131 735 5037
131 266 4854
266 562 1660
562 435 9420
562 764 1679
764 948 5024
764 194 4749
194 353 1270
353 287 5107
287 791 7300
287 110 2049
110 274 3057
274 503 7296
503 994 1346
994 977 3118
274 401 4595
401 396 847
396 134 2138
134 688 2144
688 20 1310
134 672 1862
672 360 5253
360 210 3102
672 528 7682
528 519 2973
519 941 2234
941 283 707
283 880 9702
519 239 5227
239 189 5581
189 142 8783
142 448 263
448 705 434
705 975 6794
975 950 6034
448 891 2112
891 44 8170
44 315 782
315 949 9734
949 251 9628
44 160 4434
891 649 1782
189 426 2684
426 936 1729
528 636 9479
636 452 5802
194 444 6323
444 758 325
794 830 4291
830 713 4818
639 22 7987
22 652 6152
652 978 70
914 454 7440
125 522 185
522 402 9394
522 374 9673
847 848 7243
848 135 9095
661 989 1251
989 819 2823
819 170 4229
86 903 7865
903 418 3257
418 87 1022
923 429 3899
874 689 1720
689 139 5543
139 200 1032
47 420 1453
420 527 5171
356 724 5465
724 750 9586
813 823 7854
127 155 3545
534 945 9065
945 887 7
887 351 9867
838 214 5741
811 952 4297
952 693 4684
952 339 3727
55 667 6800
982 588 4753
588 118 7518
118 792 6984
867 851 4146
674 699 7190
344 53 578
53 630 9592
630 249 8440
592 156 3401
156 817 172
817 935 2657
860 294 3009
294 741 7546
552 492 6555
492 383 1080
413 404 3088
404 431 3938
456 30 8885
30 497 8258
900 195 9403
195 461 8470
195 839 6112
844 997 2947
226 650 3886
650 489 2470
489 515 9166
79 95 9627
95 421 6767
365 716 201
654 686 9705
686 450 3566
176 608 1306
323 859 7223
859 337 6902
337 473 1803
583 341 4412
341 894 7479
701 722 7747
722 755 9204
755 145 7231
102 31 7918
882 853 1860
853 464 239
829 224 5463
476 768 4766
538 550 7671
507 372 8551
372 529 8703
529 773 6555
443 66 6808
66 18 4457
66 222 5024
91 149 9271
149 865 7404
939 858 8910
858 565 8093
913 876 2921
42 109 4888
109 326 4859
820 130 3121
130 836 4592
628 410 4776
410 273 778
166 336 1814
810 408 8029
408 905 2581
408 438 2578
526 929 5508
929 304 327
304 245 8133
272 924 9090
924 857 4596
857 775 9992
666 678 5681
113 446 59
446 920 4757
920 714 3351
599 348 4961
348 742 9811
587 721 9905
721 215 1768
447 496 4268
496 922 1280
922 787 7391
124 270 8023
270 846 189
846 49 5483
917 747 943
756 54 5076
54 965 6693
967 43 415
43 590 6020
962 436 1468
436 870 7545
870 69 4185
605 105 9497
100 547 125
547 942 6762
615 143 1356
482 15 6803
15 207 4894
15 458 445
328 551 1398
424 220 1237
220 498 6125
350 697 1456
697 180 2345
697 217 9475
4 696 2768
696 951 2156
240 278 5731
278 766 4536
766 279 6423
311 495 7011
412 462 8278
462 729 797
695 309 3551
309 743 112
309 895 8091
779 812 4979
812 557 6804
990 460 8505
460 995 998
460 320 4623
38 72 2401
871 827 5182
827 297 4119
213 983 2525
983 638 8296
828 417 1826
417 680 9327
803 271 3189
271 425 2271
998 908 7077
908 767 778
767 832 4747
570 732 4884
732 74 3122
343 889 574
969 888 7652
888 88 5277
888 182 6304
264 485 8539
485 662 1699
494 911 9666
911 184 6816
184 893 8847
514 405 3217
405 777 6927
457 954 6937
954 584 8195
582 375 82
375 539 5442
465 384 9192
384 453 4704
754 946 4194
946 632 725
632 928 5175
834 708 6719
708 646 9020
708 21 7000
915 491 2397
470 46 8561
46 504 5622
769 121 9473
841 45 9338
45 613 6721
45 471 709
407 835 2459
442 187 7294
187 573 8360
363 80 7736
179 84 9949
84 64 6898
376 800 5786
589 957 9615
957 855 65
855 291 4633
128 312 2831
312 385 3343
300 27 7921
27 617 7377
647 154 3424
352 172 3362
479 39 2920
39 799 8127
799 566 3908
463 926 3644
301 980 9653
511 793 626
793 161 9016
660 11 6653
231 48 9374
48 347 7576
298 459 8626
459 718 5199
277 964 3265
964 910 5346
235 786 5907
786 94 2075
679 59 2639
59 232 618
158 373 6162
373 295 8940
685 571 7515
571 370 8300
571 288 8554
262 331 3931
331 715 9284
715 541 7736
676 60 7273
60 731 7204
731 604 1464
23 958 7048
62 486 6918
992 133 4383
133 762 1526
762 648 825
854 263 4378
263 837 1179
837 2 1450
398 523 3393
523 600 4183
600 640 7175
783 657 7320
545 789 2808
884 163 2373
163 840 6936
633 947 8154
947 477 4631
236 912 9011
912 621 7144
554 591 5248
104 92 5172
92 490 6083
92 506 9114
269 322 3471
322 250 988
960 849 3044
310 569 9106
392 106 8723
469 244 6668
244 807 6310
98 212 186
212 536 3715
248 932 3227
932 899 920
293 449 1593
205 763 403
763 691 5298
896 9 2771
9 925 8204
500 246 8690
246 286 3305
157 798 5378
798 843 2362
366 940 6112
940 981 7751
879 595 9297
24 616 4265
178 707 2381
707 919 4659
707 481 1409
26 247 3981
