50 33
28 23 9424
23 16 814
16 6 7808
6 49 2404
16 20 8541
20 48 3615
48 43 1608
43 1 4457
48 35 2916
35 44 8296
44 7 9560
7 3 5975
7 2 6085
2 34 8698
34 36 660
36 13 7934
13 11 9241
11 27 8682
36 4 7041
4 40 4024
40 21 4862
21 9 6092
9 47 886
47 26 8470
26 17 8922
17 29 4594
29 19 6329
19 8 5499
17 33 8552
33 42 7015
42 10 5394
26 32 4328
32 22 7829
22 31 3201
47 24 3083
24 45 2721
9 14 3168
14 18 4690
18 46 7177
21 25 6083
4 39 9337
34 41 3089
44 15 8409
15 30 5421
30 50 1786
35 37 5420
37 38 3355
23 12 7378
28 5 453
