1000 1
593 636 5685
636 27 2769
27 407 8868
407 299 3343
636 724 1234
724 279 9727
279 535 6393
535 510 1132
510 223 4287
223 526 8197
535 251 1449
251 267 5754
267 550 8527
279 294 5545
724 249 8028
249 824 1274
824 180 4346
180 853 9044
853 21 2486
21 231 5176
231 961 9533
961 311 4476
311 829 6836
829 24 6834
829 61 5564
61 928 845
928 945 7010
945 384 8459
231 383 6289
383 159 7571
383 62 7738
62 458 8325
458 351 340
458 800 6605
800 672 1667
672 752 7925
752 131 2683
752 202 8059
202 490 9057
62 972 6969
972 429 2607
972 711 6857
711 893 2723
893 595 1134
595 418 2401
711 52 7102
52 394 8759
394 575 3099
575 73 6146
73 553 7596
553 618 4626
618 362 2030
394 312 2071
312 777 7813
777 320 5215
777 609 7635
52 488 8657
488 118 2224
118 890 6093
890 493 1297
493 959 9795
890 31 3830
31 954 9621
954 603 6486
603 142 6786
142 921 1287
921 583 4410
583 513 5820
583 844 5697
844 123 3466
123 300 2789
844 958 8303
921 889 323
889 623 1863
623 809 9436
809 403 9075
403 581 8964
581 615 4547
615 473 2173
473 935 1461
615 82 2142
82 455 3150
82 940 9842
940 92 4213
581 951 962
951 137 5056
137 47 8199
47 88 9618
47 626 7280
626 209 643
209 426 914
426 589 7074
209 654 824
137 644 6886
644 855 3559
855 309 3961
309 901 8172
901 478 7968
478 51 9780
51 120 3868
901 955 7786
309 211 8920
211 357 8523
357 892 8108
211 666 782
666 939 4310
939 397 7182
397 356 6098
356 301 8856
356 203 5707
203 558 3910
939 477 7350
477 439 8856
666 683 3752
683 78 7914
78 262 6170
262 406 8807
406 948 6112
948 184 2139
184 796 2438
796 284 3106
184 808 9405
808 832 9511
832 966 3929
966 741 6290
741 409 9421
832 987 7889
987 778 814
778 229 3741
808 126 4020
126 888 4681
888 937 1526
888 86 2940
86 886 9555
86 693 5985
693 762 73
762 545 3865
126 757 9518
757 764 2522
764 156 2720
156 884 1576
156 56 6432
764 108 69
108 542 6784
542 828 6535
108 522 7982
522 479 2953
522 594 1693
757 541 445
541 663 5091
663 927 4131
927 782 3550
663 66 847
66 295 9993
295 988 7478
988 648 7137
648 333 5766
333 895 1718
895 837 7950
837 798 9506
798 881 5738
881 483 8982
483 807 7383
895 546 5029
333 870 8537
648 87 9719
87 817 5101
817 929 2401
929 83 5588
83 158 7623
158 282 1472
817 257 7164
87 971 406
971 599 7893
599 336 3947
336 289 3292
599 196 5874
196 389 3251
389 191 4984
191 474 2671
474 127 4693
127 155 9114
474 218 6220
191 732 5540
732 271 5459
271 790 50
271 887 9028
389 340 1224
340 826 8119
826 128 3329
128 358 7081
358 197 208
197 19 2310
19 997 815
197 334 5236
334 519 7198
128 963 533
963 577 6689
577 685 5950
826 866 6120
866 417 663
417 601 3774
601 802 9635
802 43 7420
43 840 1666
43 199 9933
601 975 711
975 825 3891
825 756 3183
756 772 5694
772 779 6561
756 395 4228
395 754 1160
825 492 9133
492 276 9767
492 515 6618
975 540 5534
540 991 5146
991 162 4193
162 930 3652
930 280 8474
280 728 1273
728 806 212
806 489 783
728 574 2087
280 378 5447
162 124 4333
124 28 8971
28 201 8487
201 858 6634
858 642 1442
642 996 9149
858 708 407
708 80 1077
80 743 2920
743 823 8424
823 980 1009
980 188 3630
188 53 2315
188 633 544
980 500 9324
500 442 5227
442 875 4771
823 93 6835
93 964 711
964 230 889
230 338 9804
338 748 6244
748 831 6034
831 207 3996
748 364 6248
338 700 4507
700 714 1620
714 839 6459
230 659 1641
659 559 58
559 286 8257
286 182 2325
182 911 9028
911 32 6744
911 95 8959
95 305 469
305 331 2244
331 668 5717
182 252 7897
252 250 5164
250 904 4141
286 620 5258
620 405 5145
405 749 2807
749 287 5801
287 555 820
555 366 4385
287 241 6923
405 354 7654
354 393 5096
354 641 7811
641 414 3809
620 602 7691
602 433 196
433 689 7804
602 5 290
5 843 1054
843 918 5775
918 59 6748
59 501 2694
501 664 2184
664 969 5005
501 36 5019
36 751 1211
751 206 8100
206 213 329
213 469 8032
206 923 6695
923 534 6045
534 240 2280
923 863 8210
863 22 6537
751 841 7537
841 221 3355
221 446 5695
446 734 9689
734 566 4174
221 7 80
7 560 6611
560 234 8180
560 480 1527
480 691 773
480 793 1988
793 494 5569
494 422 7320
7 788 6144
788 900 5859
900 470 8373
900 152 8270
152 990 2606
152 731 1067
731 520 454
788 77 3962
77 502 2437
502 374 1664
374 967 8413
502 69 2765
69 730 6047
730 775 5108
775 194 5161
194 629 4679
629 440 9669
69 310 8050
310 707 2215
707 456 3023
456 1 3744
1 925 8256
456 34 3549
34 38 3823
707 587 1218
587 475 8080
475 132 1701
132 612 8343
612 999 67
612 26 7270
26 326 5662
326 684 2562
684 319 9480
475 784 4035
784 60 832
60 915 8437
915 744 1453
60 645 1285
645 233 2399
233 735 241
735 89 9300
89 660 7163
89 352 9357
352 438 1699
233 646 8622
646 328 4517
328 847 6377
847 385 8291
385 215 2566
215 717 4943
717 611 7665
611 753 2662
611 412 3198
412 596 7565
596 48 6484
48 573 4416
412 850 5644
850 256 4537
256 653 2758
653 789 2063
717 445 8158
445 40 4771
40 451 4624
451 552 7637
552 965 5157
451 104 5455
40 293 6073
293 768 6609
768 992 3091
293 715 4823
445 643 3201
643 816 8743
816 254 1986
643 401 2557
401 909 441
909 981 607
981 512 3426
512 568 3169
909 444 8897
444 578 2343
578 530 8111
530 214 2914
444 370 5004
370 505 7661
401 570 478
570 799 7840
799 835 2076
835 852 6122
799 998 2376
998 285 1185
285 592 8184
592 704 6885
704 922 2307
592 372 9159
372 842 4521
372 563 7464
285 278 4614
278 630 6945
630 30 424
30 529 4056
529 253 1768
253 856 3625
529 936 2798
30 97 105
97 103 6181
103 10 9590
10 183 7063
10 193 5958
630 607 2758
607 536 2312
536 226 8301
226 452 869
452 339 5225
339 329 3304
536 150 8529
150 167 5702
167 472 7495
472 232 6956
232 820 8175
150 547 9870
547 932 4492
932 949 6358
949 605 6754
949 780 6798
780 624 1869
780 304 7626
304 696 4261
696 235 6482
235 781 923
781 481 4685
481 792 6889
235 712 9042
712 307 4661
307 204 6039
204 112 9146
112 680 841
204 883 5628
696 71 6208
71 812 3151
812 367 8386
367 497 8519
367 270 1451
270 291 9254
291 435 95
270 899 1106
899 303 4134
899 327 5797
71 794 8601
794 461 7441
461 292 323
292 913 4822
461 376 1932
376 347 3033
347 669 1576
669 423 8729
669 543 4901
543 765 5553
765 102 9342
543 970 7734
376 946 6475
946 322 378
322 854 4622
946 12 5516
12 268 5038
268 68 660
68 173 1013
173 225 2230
225 427 6288
225 192 3573
192 425 5380
68 657 1025
657 17 2091
268 719 6830
719 35 6630
35 115 8538
115 941 4288
941 160 763
160 74 4334
74 845 2888
845 388 8203
74 982 1008
982 706 7709
160 187 6486
187 44 4040
941 208 5636
115 172 1566
172 265 8940
265 266 7541
265 740 907
740 109 6673
740 174 367
174 670 1284
174 261 1295
261 507 5883
172 185 2673
185 205 8306
205 950 3247
950 81 4903
81 862 945
862 20 6819
20 148 6634
148 325 1969
325 175 5262
148 864 9816
20 676 8598
676 404 3799
404 212 4103
404 926 5712
81 687 4484
687 576 3342
576 701 3914
701 272 5491
272 898 1050
272 613 6751
613 324 9531
324 619 3038
619 41 8317
41 247 4822
247 9 578
41 486 9223
486 718 1495
619 424 944
424 195 6859
195 631 9141
631 360 3178
360 459 5883
459 350 7446
195 463 2777
463 466 7137
466 947 4743
947 733 9595
947 308 3771
466 139 6711
139 263 1208
263 297 3586
263 298 1661
298 25 5006
25 894 4040
25 179 7372
298 75 5841
75 96 7381
139 485 7638
485 377 7684
377 349 4782
349 557 4388
377 690 3566
690 65 7819
65 885 2704
485 702 8387
702 628 4748
628 591 8279
591 161 9881
161 906 2044
161 675 1489
675 380 5373
380 168 5221
168 598 7371
591 476 9171
476 517 7997
517 986 4508
986 365 3913
986 934 3944
934 302 4630
302 910 6975
910 801 5151
910 219 4567
219 849 8635
219 908 6509
934 709 8606
709 398 6007
476 610 8701
610 107 5986
610 454 3644
454 84 6384
628 321 7119
321 506 4383
506 747 9949
747 15 4938
506 640 7087
640 721 4688
721 448 6037
448 153 1717
448 371 920
702 549 8080
549 166 3205
166 70 6293
166 597 3301
597 503 6927
549 164 5463
164 805 7649
805 938 7786
463 616 5727
424 100 7944
100 783 8767
783 608 2701
100 437 9447
437 725 3333
437 586 1336
586 198 5955
198 891 1938
891 217 7342
324 396 4655
396 582 4275
582 58 7337
582 447 7391
396 667 1394
613 651 1719
701 716 3691
716 822 2683
822 758 5157
758 905 8378
905 8 8719
8 375 6873
758 269 9298
269 551 6799
269 539 6429
822 23 1942
576 220 6451
950 528 9708
528 697 7404
697 878 451
878 368 7493
368 952 9482
528 242 8395
242 907 6260
242 141 2182
141 63 7841
141 567 5944
185 682 3517
682 745 147
745 995 7882
745 523 7210
682 464 1153
464 482 8508
464 738 898
738 879 8543
794 621 6253
621 200 8969
200 827 2234
827 369 5287
827 985 4125
200 431 6963
621 355 4006
304 525 7350
525 290 2612
290 258 7156
290 679 3778
679 335 4553
932 146 9958
146 18 9837
146 627 1956
627 391 6760
391 737 3682
627 590 1437
590 408 1506
408 873 6293
607 13 9971
13 343 5698
343 64 2236
64 306 9839
306 968 5844
343 228 6469
228 337 7049
228 499 6997
499 57 1329
998 650 4298
650 296 1891
296 138 7581
385 917 3266
917 129 476
129 861 2868
861 134 7391
847 421 3791
421 237 3225
421 42 1092
42 121 6402
121 604 6732
604 443 1221
443 260 955
443 614 3041
121 460 1058
328 14 9262
14 227 9800
227 316 4739
316 416 7051
227 379 1306
379 819 1031
14 33 7021
33 652 7003
646 165 9618
165 880 6859
880 239 9199
239 713 6087
165 85 259
85 245 2547
85 767 7415
645 739 4557
739 113 4437
113 415 1347
415 29 4174
29 275 1265
275 655 4214
655 993 7916
275 673 5055
673 942 3790
415 703 9007
784 834 1456
834 795 6873
795 136 228
136 647 2410
136 962 9913
962 983 7637
962 246 8024
834 681 6065
310 373 8727
373 399 5074
399 341 7370
341 313 9757
313 759 8446
313 727 724
373 813 5726
813 55 5304
77 637 9922
637 763 1812
763 111 1915
637 943 2468
943 956 5578
943 564 6471
841 432 3257
432 776 6925
776 729 6996
432 428 4521
428 37 7490
428 145 4912
145 960 5927
145 920 1280
36 838 3918
838 143 3734
143 190 4504
190 882 497
918 769 2496
843 387 4417
387 973 8133
387 434 519
5 101 481
101 288 6859
288 848 5592
848 661 4202
101 255 2967
255 122 4037
122 114 4925
559 677 8693
677 283 5692
283 588 4847
588 91 6856
91 632 7606
659 556 3666
556 797 2434
797 720 428
720 562 6922
720 130 9358
130 72 7424
797 76 7794
76 465 6847
964 933 2335
933 4 3720
4 147 4478
933 569 2604
569 133 7454
133 151 8982
569 178 3101
178 876 9949
876 516 9750
516 561 7585
93 815 6819
815 811 6582
811 281 796
815 867 8762
743 770 7135
80 860 114
860 914 2798
914 67 2059
67 766 5158
914 851 4841
851 821 3257
821 491 2014
860 897 8799
708 579 3275
579 363 799
363 471 9226
471 125 196
579 786 6508
201 169 6649
169 248 4342
248 742 3354
742 565 5335
169 785 8061
785 154 4184
124 994 7939
994 277 1866
277 585 9517
585 238 7391
994 617 8166
991 977 5618
977 688 4975
688 874 4984
874 346 8551
977 509 2122
509 189 3745
189 361 5685
361 495 2236
509 49 2894
540 635 4095
635 273 7393
273 149 4087
149 2 3704
2 236 5758
149 746 2885
746 449 6978
273 210 6556
210 6 2110
210 989 3525
417 323 3063
323 46 5111
46 119 7866
323 413 2769
413 332 6797
866 532 2279
532 533 6952
533 726 1087
532 919 496
919 671 2820
340 537 8477
196 638 8662
638 457 4789
457 877 9804
877 181 9997
877 521 3339
521 450 8277
450 694 94
450 538 9023
457 3 512
971 710 9339
710 803 9469
803 318 7905
318 163 3425
803 98 9524
710 453 3662
453 144 2661
453 736 6501
988 722 6570
722 678 4771
678 90 6378
678 554 9632
554 170 6233
295 548 595
548 264 2400
548 411 9381
411 622 2873
66 944 5703
944 315 468
315 974 3369
315 761 4874
944 518 5296
518 869 8382
869 381 9662
381 580 1451
948 531 4730
406 330 3000
330 656 9728
656 705 1175
262 436 8374
436 386 239
386 771 514
771 45 4195
45 527 4495
386 419 290
436 345 3718
345 723 4509
723 699 2951
78 420 6571
420 441 1078
683 584 4073
584 924 2948
855 462 7061
462 116 6657
116 177 3542
462 865 5813
865 382 6037
382 896 2767
951 402 1515
402 498 2856
498 342 2487
342 634 2741
634 606 8152
403 698 7220
698 814 8754
814 11 9602
814 871 1949
698 400 8106
400 157 9329
157 274 9476
274 468 2831
400 392 5920
809 857 9989
857 514 7025
857 222 414
222 216 6630
216 359 7095
216 50 1274
50 344 5932
222 760 3665
760 79 2351
623 791 4
791 467 2964
467 1000 9412
467 916 3012
791 662 2857
662 979 5224
889 931 9049
931 571 5623
142 544 3090
544 135 8256
135 105 4461
105 810 2182
810 508 6407
105 496 1680
603 314 936
314 106 2361
314 110 9981
110 872 9041
954 859 8041
859 836 9456
859 674 1871
674 186 3960
31 54 5796
54 600 5248
600 572 726
572 244 2425
244 317 2342
317 868 1999
54 504 8357
504 649 2358
118 953 702
953 902 4712
902 692 5321
902 140 113
140 94 7724
94 487 8177
94 176 1688
953 833 3124
833 117 152
488 903 4777
903 750 1379
750 625 4612
903 658 6959
21 39 4138
39 353 6292
353 755 4246
755 390 2850
353 818 6272
818 484 3286
853 686 890
686 774 2079
774 99 1508
99 511 1202
686 16 7874
180 430 6755
824 348 8279
348 804 298
804 978 9096
249 912 6629
912 224 5006
224 259 7805
224 243 7330
243 639 9718
912 830 3125
830 846 3794
593 410 3793
410 787 7654
787 976 5481
976 957 6916
957 695 7805
695 524 6610
695 984 4646
957 171 8768
410 665 9920
665 773 8783
