100 100 A3
57468 53424 18919 16549 28009 41143 1618 35886 77899 37420 88442 14511 37386 27214 80029 95338 66477 99303 93868 94893 41964 82086 70997 48159 97492 18397 82511 41015 8769 97172 20918 82588 50596 56188 99136 78604 97330 17106 14489 91580 54525 19282 22442 91910 62847 2470 3600 45675 18125 97467 56919 60088 95904 27916 24598 9747 62664 23461 50762 87784 20632 88031 70372 71227 44218 85859 66182 57899 2964 97022 65831 73840 32656 88272 82102 95502 7094 85701 41177 41570 99519 98095 1657 95422 42362 26254 21521 21377 49714 72282 9161 70346 60312 95884 57924 20881 98094 24106 78779 17410 
1 2
2 3
3 4
4 5
5 6
6 7
7 8
8 9
9 10
10 11
11 12
12 13
13 14
14 15
15 16
16 17
17 18
18 19
19 20
20 21
21 22
22 23
23 24
24 25
25 26
26 27
27 28
28 29
29 30
30 31
31 32
32 33
33 34
34 35
35 36
36 37
37 38
38 39
39 40
40 41
41 42
42 43
43 44
44 45
45 46
46 47
47 48
48 49
49 50
50 51
51 52
52 53
53 54
54 55
55 56
56 57
57 58
58 59
59 60
60 61
61 62
62 63
63 64
64 65
65 66
66 67
67 68
68 69
69 70
70 71
71 72
72 73
73 74
74 75
75 76
76 77
77 78
78 79
79 80
80 81
81 82
82 83
83 84
84 85
85 86
86 87
87 88
88 89
89 90
90 91
91 92
92 93
93 94
94 95
95 96
96 97
97 98
98 99
99 100
27 0 61 1
33 0 50 0
2 0 64 0
10 0 3 0
8 0 14 0
47 0 60 0
95 1 94 0
99 0 68 0
81 1 46 0
48 1 46 0
61 0 88 1
42 1 66 0
31 1 93 0
5 0 44 0
90 0 75 0
94 0 36 1
34 1 28 0
25 0 31 1
18 0 1 0
18 0 1 0
45 1 37 0
33 0 61 0
87 1 90 1
58 0 63 1
95 0 29 0
66 1 96 0
58 1 45 1
45 0 70 0
70 1 90 1
63 0 71 0
3 1 92 0
6 0 56 0
85 0 37 0
84 0 53 0
98 0 99 0
68 0 71 1
12 0 45 0
16 0 28 1
19 0 48 0
4 0 93 0
30 1 49 1
1 0 15 0
66 1 24 0
94 0 8 0
52 0 88 0
67 0 31 1
79 0 74 1
67 0 88 1
88 0 65 0
32 1 22 0
45 0 84 1
91 0 55 0
94 0 34 1
64 0 57 1
31 1 10 0
49 0 51 0
16 0 7 0
80 0 16 0
100 0 23 0
29 0 16 0
49 1 53 0
9 0 82 0
43 0 85 0
87 0 82 0
41 0 1 0
68 0 94 0
17 1 65 1
80 1 48 0
52 1 4 1
85 0 2 0
38 1 90 0
23 0 96 0
48 0 78 0
23 0 82 0
46 1 94 0
41 1 6 1
61 1 49 1
51 0 59 0
48 0 94 0
89 0 42 1
71 1 19 0
52 1 35 0
80 1 71 0
76 0 78 1
79 1 73 0
31 0 8 0
1 1 84 1
77 0 37 0
8 0 81 0
68 0 74 0
44 0 81 0
10 0 35 0
7 0 42 0
1 1 40 0
23 0 72 1
60 0 24 1
4 0 87 0
61 0 85 0
65 0 40 0
27 1 36 0
