5000 4999
36 882
4506 36
2000 36
3900 4506
1044 4506
2510 2000
3819 2000
2273 3900
402 3900
4640 1044
4135 1044
1842 2510
3977 2510
4804 3819
2881 3819
977 2273
4391 2273
550 402
2698 402
3431 4640
1583 4640
3716 4135
1685 4135
1357 1842
2105 1842
4333 3977
2177 3977
426 4804
4879 4804
4018 2881
3710 2881
3239 977
4469 977
4144 4391
3565 4391
3871 550
2686 550
943 2698
2384 2698
1373 3431
2168 3431
903 1583
571 1583
3369 3716
1537 3716
4031 1685
1016 1685
4632 1357
3253 1357
4451 2105
1536 2105
2387 4333
3114 4333
1715 2177
3564 2177
3545 426
3818 426
2528 4879
4972 4879
3846 4018
3402 4018
152 3710
9 3710
4272 3239
3747 3239
503 4469
685 4469
4731 4144
1435 4144
3657 3565
2408 3565
2092 3871
3099 3871
4026 2686
1880 2686
2284 943
47 943
3436 2384
1117 2384
304 1373
504 1373
3880 2168
2317 2168
574 903
1847 903
1661 571
4165 571
875 3369
1153 3369
294 1537
4721 1537
2122 4031
4212 4031
2218 1016
4934 1016
749 4632
3810 4632
1501 3253
2428 3253
1595 4451
1295 4451
3327 1536
2433 1536
4798 2387
4493 2387
918 3114
3499 3114
1191 1715
1407 1715
3879 3564
4086 3564
1835 3545
907 3545
3745 3818
786 3818
1691 2528
1596 2528
4845 4972
3300 4972
4096 3846
2052 3846
4693 3402
88 3402
2041 152
40 152
302 9
2614 9
688 4272
3737 4272
4366 3747
2230 3747
1411 503
930 503
4932 685
4028 685
2048 4731
2280 4731
2259 1435
1322 1435
3396 3657
863 3657
3389 2408
1480 2408
1400 2092
2469 2092
1316 3099
604 3099
4848 4026
3888 4026
2751 1880
2511 1880
2250 2284
1484 2284
2665 47
3952 47
1216 3436
4888 3436
3066 1117
1602 1117
2008 304
1319 304
470 504
1494 504
3916 3880
349 3880
420 2317
2445 2317
2647 574
1781 574
328 1847
2975 1847
1765 1661
4762 1661
2874 4165
4430 4165
3115 875
3569 875
2354 1153
899 1153
4947 294
1621 294
2792 4721
2130 4721
3567 2122
4787 2122
4183 4212
2225 4212
948 2218
4322 2218
3347 4934
1542 4934
1505 749
4636 749
4560 3810
4873 3810
1731 1501
4277 1501
2058 2428
4970 2428
3343 1595
4201 1595
1705 1295
901 1295
1828 3327
33 3327
1593 2433
2693 2433
2838 4798
1728 4798
1878 4493
4163 4493
4158 918
3966 918
3160 3499
2703 3499
1101 1191
4170 1191
1557 1407
1260 1407
2801 3879
2295 3879
2311 4086
1513 4086
1750 1835
3193 1835
1995 907
4349 907
2692 3745
1441 3745
3688 786
2490 786
3989 1691
1384 1691
4255 1596
2850 1596
5000 4845
3700 4845
835 3300
4022 3300
1809 4096
2061 4096
2040 2052
1035 2052
197 4693
2811 4693
3711 88
841 88
4771 2041
4132 2041
2558 40
4373 40
3791 302
2890 302
2181 2614
4290 2614
1312 688
3869 688
3174 3737
4206 3737
1170 4366
140 4366
3957 2230
3517 2230
4717 1411
4803 1411
1 930
3969 930
4082 4932
2301 4932
4275 4028
622 4028
139 2048
609 2048
3699 2280
2308 2280
988 2259
4904 2259
278 1322
3446 1322
4601 3396
1291 3396
3119 863
4067 863
2375 3389
2860 3389
3165 1480
4034 1480
2115 1400
3600 1400
2728 2469
3133 2469
4417 1316
994 1316
4700 604
3566 604
4448 4848
406 4848
3238 3888
2583 3888
1658 2751
1702 2751
4828 2511
2126 2511
3897 2250
4110 2250
3395 1484
2579 1484
4948 2665
4036 2665
4929 3952
2587 3952
1867 1216
4410 1216
2953 4888
1214 4888
4121 3066
3707 3066
3206 1602
606 1602
1439 2008
3795 2008
4995 1319
3355 1319
4465 470
1686 470
1065 1494
253 1494
2351 3916
153 3916
3948 349
2475 349
531 420
4149 420
1649 2445
800 2445
1742 2647
4228 2647
3430 1781
4805 1781
2174 328
4418 328
2752 2975
1757 2975
1559 1765
517 1765
2379 4762
244 4762
3551 2874
3533 2874
4838 4430
2600 4430
1076 3115
4867 3115
3345 3569
4335 3569
1213 2354
3039 2354
1380 899
255 899
4996 4947
629 4947
29 1621
417 1621
3568 2792
469 2792
3664 2130
4035 2130
202 3567
582 3567
1901 4787
1273 4787
1020 4183
1764 4183
3975 2225
2120 2225
2086 948
159 948
1606 4322
4157 4322
751 3347
1381 3347
1454 1542
2935 1542
2444 1505
1398 1505
4769 4636
3731 4636
2865 4560
4503 4560
3510 4873
3120 4873
103 1731
1343 1731
2843 4277
1591 4277
1499 2058
4016 2058
3102 4970
4295 4970
4457 3343
2155 3343
3004 4201
178 4201
1106 1705
1665 1705
522 901
4083 901
4007 1828
2515 1828
1884 33
3490 33
2070 1593
2251 1593
856 2693
4195 2693
4053 2838
832 2838
3803 1728
1011 1728
4606 1878
3109 1878
3217 4163
1671 4163
4372 4158
4062 4158
694 3966
3904 3966
2062 3160
3386 3160
2791 2703
1703 2703
3597 1101
208 1101
4353 4170
7 4170
1766 1557
619 1557
106 1260
1558 1260
2443 2801
505 2801
4872 2295
2406 2295
919 2311
3027 2311
1683 1513
4105 1513
1952 1750
4244 1750
4449 3193
2489 3193
4280 1995
2849 1995
858 4349
292 4349
1085 2692
4194 2692
1914 1441
2750 1441
2832 3688
4168 3688
2322 2490
4766 2490
2253 3989
67 3989
4104 1384
4184 1384
2649 4255
3257 4255
2782 2850
514 2850
131 5000
4584 5000
2619 3700
271 3700
2399 835
4454 835
3742 4022
3378 4022
2091 1809
3046 1809
4829 2061
1903 2061
3050 2040
4928 2040
228 1035
4665 1035
2480 197
1348 197
2643 2811
1779 2811
3182 3711
4352 3711
476 841
1920 841
927 4771
2450 4771
2844 4132
2631 4132
2170 2558
4680 2558
1956 4373
1473 4373
1783 3791
1402 3791
563 2890
1327 2890
4514 2181
3746 2181
3943 4290
396 4290
1324 1312
1463 1312
4900 3869
2371 3869
2741 3174
3722 3174
2109 4206
3190 4206
2840 1170
2229 1170
4969 140
147 140
2680 3957
910 3957
3999 3517
3475 3517
2939 4717
1208 4717
1987 4803
2847 4803
2172 1
4525 1
4288 3969
641 3969
1964 4082
2627 4082
4502 2301
4466 2301
1502 4275
2861 4275
2921 622
3793 622
2524 139
1976 139
1354 609
2031 609
4089 3699
3965 3699
1308 2308
4180 2308
1452 988
1922 988
2205 4904
564 4904
448 278
3176 278
1078 3446
665 3446
2269 4601
447 4601
1363 1291
3301 1291
3474 3119
3269 3119
577 4067
2640 4067
3210 2375
2641 2375
3372 2860
3209 2860
1515 3165
1605 3165
985 4034
671 4034
1099 2115
2147 2115
2620 3600
1896 3600
4416 2728
2839 2728
3272 3133
4133 3133
4545 4417
2439 4417
399 994
1913 994
3549 4700
2593 4700
4958 3566
3954 3566
185 4448
2190 4448
626 406
3005 406
865 3238
2702 3238
958 2583
3849 2583
4921 1658
4870 1658
3959 1702
3804 1702
2038 4828
3572 4828
891 2126
4673 2126
3858 3897
4468 3897
435 4110
2426 4110
1935 3395
2020 3395
3662 2579
1197 2579
2022 4948
3354 4948
3260 4036
215 4036
4059 4929
4536 4929
4753 2587
2769 2587
4085 1867
2032 1867
452 4410
1743 4410
4058 2953
2030 2953
312 1214
3220 1214
1097 4121
4978 4121
2310 3707
56 3707
3560 3206
3654 3206
4327 606
2598 606
2715 1439
4041 1439
1138 3795
1951 3795
1787 4995
3830 4995
1589 3355
3 3355
2049 4465
2124 4465
603 1686
2035 1686
3387 1065
2806 1065
4532 253
2435 253
4890 2351
1051 2351
506 153
3709 153
2911 3948
3367 3948
939 2475
2487 2475
4546 531
2770 531
4005 4149
1706 4149
125 1649
2879 1649
1067 800
4216 800
2248 1742
1659 1742
1453 4228
2320 4228
4231 3430
30 3430
1604 4805
681 4805
1481 2174
4944 2174
4822 4418
3221 4418
3421 2752
2404 2752
4230 1757
361 1757
3812 1559
3340 1559
1546 517
4081 517
1340 2379
1733 2379
1419 244
4529 244
135 3551
3086 3551
3493 3533
2438 3533
3067 4838
3485 4838
1570 2600
846 2600
1310 1076
1858 1076
2247 4867
4264 4867
1603 3345
3089 3345
2160 4335
3928 4335
3585 1213
3781 1213
4273 3039
745 3039
3087 1380
4171 1380
3173 255
263 255
3623 4996
4076 4996
3194 629
2059 629
63 29
2589 29
915 417
3425 417
2017 3568
2669 3568
137 469
4051 469
3385 3664
3799 3664
2468 4035
4866 4035
4849 202
644 202
2638 582
1397 582
1408 1901
2617 1901
1560 1273
1751 1273
428 1020
4356 1020
2575 1764
3075 1764
3856 3975
4691 3975
3734 2120
4772 2120
1107 2086
1974 2086
708 159
1994 159
280 1606
4063 1606
4763 4157
2188 4157
6 751
66 751
974 1381
4261 1381
1782 1454
4434 1454
594 2935
446 2935
3450 2444
4381 2444
1249 1398
102 1398
1927 4769
3366 4769
73 3731
3335 3731
129 2865
1048 2865
1905 4503
18 4503
2559 3510
1727 3510
301 3120
1716 3120
3019 103
1185 103
1159 1343
4698 1343
2654 2843
4682 2843
1839 1591
2239 1591
2716 1499
4024 1499
674 4016
423 4016
2437 3102
1075 3102
3237 4295
1377 4295
721 4457
1302 4457
2736 2155
4516 2155
941 3004
2153 3004
24 178
4055 178
372 1106
1694 1106
3204 1665
754 1665
4880 522
2685 522
3705 4083
1195 4083
4003 4007
2392 4007
4087 2515
3581 2515
2485 1884
4383 1884
2815 3490
1148 3490
2477 2070
4294 2070
3651 2251
1939 2251
2545 856
4817 856
667 4195
151 4195
4387 4053
3591 4053
1848 832
205 832
2396 3803
1277 3803
533 1011
3251 1011
3872 4606
4368 4606
4935 3109
2171 3109
1152 3217
3179 3217
4052 1671
3663 1671
1296 4372
3848 4372
4470 4062
4607 4062
4548 694
2605 694
1845 3904
1306 3904
3357 2062
465 2062
4656 3386
3185 3386
4836 2791
3150 2791
713 1703
4649 1703
3980 3597
2242 3597
2249 208
2505 208
4046 4353
1272 4353
1629 7
4905 7
3666 1766
3029 1766
2152 619
2206 619
443 106
844 106
1372 1558
4494 1558
1652 2443
180 2443
4287 505
4728 505
3116 4872
2842 4872
1898 2406
4074 2406
3613 919
1556 919
527 3027
3140 3027
1088 1683
277 1683
1210 4105
542 4105
2282 1952
1188 1952
4644 4244
32 4244
4499 4449
2820 4449
4300 2489
2491 2489
869 4280
2956 4280
4521 2849
3313 2849
1613 858
2039 858
371 292
2293 292
3311 1085
2370 1085
612 4194
262 4194
3249 1914
2358 1914
2343 2750
2624 2750
4541 2832
4610 2832
4812 4168
4450 4168
4072 2322
2521 2322
3730 4766
1024 4766
4864 2253
2125 2253
3652 67
4846 67
1624 4104
2044 4104
2290 4184
1231 4184
2015 2649
1218 2649
4437 3257
2681 3257
437 2782
2281 2782
2453 514
4038 514
1586 131
3601 131
4654 4584
1553 4584
1929 2619
199 2619
3526 271
2214 271
3599 2399
3464 2399
4963 4454
2817 4454
1804 3742
1217 3742
2676 3378
3423 3378
734 2091
1442 2091
589 3046
3458 3046
3125 4829
2694 4829
2540 1903
3914 1903
4922 3050
655 3050
1588 4928
4903 4928
1219 228
1933 228
3725 4665
4117 4665
3451 2480
4182 2480
3049 1348
96 1348
3188 2643
2925 2643
2987 1779
2470 1779
11 3182
3435 3182
2337 4352
1618 4352
2963 476
3687 476
2325 1920
3207 1920
1464 927
4250 927
1068 2450
2829 2450
3376 2844
3708 2844
4233 2631
3767 2631
2398 2170
833 2170
2710 4680
4307 4680
3101 1956
3843 1956
3200 1473
2960 1473
492 1783
1931 1783
3280 1402
735 1402
1748 563
4147 563
2585 1327
31 1327
4686 4514
3455 4514
4659 3746
4331 3746
2013 3943
2774 3943
4344 396
4348 396
1826 1324
1037 1324
4839 1463
4965 1463
170 4900
4834 4900
158 2371
2555 2371
4424 2741
1320 2741
690 3722
240 3722
1448 2109
615 2109
803 3190
597 3190
365 2840
605 2840
489 2229
1744 2229
2592 4969
2819 4969
2427 147
3530 147
2670 2680
2447 2680
4708 910
2068 910
1876 3999
346 3999
3658 3475
4657 3475
3695 2939
876 2939
840 1208
222 1208
1551 1987
776 1987
1895 2847
2588 2847
2004 2172
3442 2172
4831 4525
148 4525
1657 4288
3641 4288
4520 641
2951 641
456 1964
2887 1964
750 2627
3728 2627
3896 4502
1902 4502
949 4466
1660 4466
861 1502
3563 1502
1120 2861
4775 2861
1971 2921
3774 2921
807 3793
1983 3793
2236 2524
2880 2524
273 1976
3996 1976
4511 1354
2501 1354
4919 2031
1634 2031
2006 4089
3448 4089
3259 3965
872 3965
860 1308
1336 1308
2653 4180
4950 4180
2245 1452
1207 1452
1736 1922
1928 1922
2568 2205
498 2205
3177 564
2139 564
2365 448
2265 448
3534 3176
3653 3176
2859 1078
964 1078
3038 665
1670 665
2314 2269
4281 2269
1817 447
1361 447
1897 1363
4118 1363
3292 3301
3424 3301
3365 3474
1427 3474
2534 3269
2193 3269
1000 577
2902 577
1050 2640
1803 2640
3122 3210
3060 3210
581 2641
1167 2641
3671 3372
2024 3372
424 3209
427 3209
2467 1515
1966 1515
2431 1605
4190 1605
1561 985
2538 985
559 671
1590 671
1948 1099
1773 1099
4487 2147
3263 2147
3885 2620
2323 2620
4786 1896
3456 1896
1468 4416
2742 4416
1679 2839
526 2839
1729 3272
3350 3272
4723 4133
2607 4133
4220 4545
1043 4545
2045 2439
2211 2439
4385 399
2767 399
4647 1913
1491 1913
138 3549
1550 3549
186 2593
3334 2593
3331 4958
1975 4958
1979 3954
206 3954
1002 185
4566 185
3502 2190
4306 2190
1232 626
2455 626
343 3005
2513 3005
82 865
2569 865
1741 2702
2090 2702
2212 958
3995 958
184 3849
162 3849
1752 4921
3359 4921
4324 4870
2442 4870
123 3959
680 3959
1396 3804
2760 3804
4956 2038
2231 2038
3594 3572
1622 3572
4185 891
4252 891
534 4673
179 4673
3139 3858
4876 3858
1759 4468
1155 4468
625 435
4155 435
1725 2426
3694 2426
4235 1935
2671 1935
951 2020
1350 2020
3940 3662
430 3662
3368 1197
50 1197
2612 2022
2954 2022
376 3354
4615 3354
830 3260
2340 3260
2809 215
196 215
3931 4059
774 4059
2304 4536
2663 4536
1005 4753
2810 4753
3673 2769
770 2769
3400 4085
633 4085
1401 2032
2002 2032
4580 452
513 452
3535 1743
1892 1743
4586 4058
3701 4058
4750 2030
2137 2030
2094 312
3323 312
249 3220
3522 3220
2303 1097
1172 1097
488 4978
3006 4978
3754 2310
2962 2310
2216 56
2919 56
101 3560
616 3560
1555 3654
2420 3654
3531 4327
1181 4327
768 2598
3147 2598
1584 2715
584 2715
677 4041
4243 4041
3018 1138
2814 1138
1642 1951
1599 1951
679 1787
4010 1787
2458 3830
59 3830
2279 1589
737 1589
3041 3
3370 3
2021 2049
2412 2049
4936 2124
2621 2124
1459 603
3806 603
1532 2035
3346 2035
471 3387
1355 3387
2611 2806
4376 2806
2207 4532
2148 4532
1375 2435
4029 2435
431 4890
2294 4890
1861 1051
909 1051
4285 506
3022 506
646 3709
2178 3709
93 2911
3739 2911
4340 3367
792 3367
2727 939
568 939
2272 2487
2414 2487
360 4546
756 4546
3693 2770
2846 2770
3037 4005
3807 4005
2202 1706
1446 1706
2933 125
2544 125
4130 2879
879 2879
1678 1067
2267 1067
4166 4216
515 4216
2459 2248
3617 2248
4452 1659
2828 1659
2224 1453
3985 1453
281 2320
144 2320
1648 4231
4792 4231
2341 30
233 30
3229 1604
1500 1604
3153 681
1199 681
2476 1481
411 1481
4229 4944
386 4944
62 4822
398 4822
4591 3221
265 3221
388 3421
4325 3421
3504 2404
1183 2404
4460 4230
1338 4230
483 361
1263 361
1850 3812
543 3812
2069 3340
1245 3340
3503 1546
1801 1546
3784 4081
3889 4081
4960 1340
3817 1340
2413 1733
2657 1733
1529 1419
229 1419
639 4529
4608 4529
1288 135
458 135
2077 3086
851 3086
4153 3493
4563 3493
3910 2438
1047 2438
993 3067
330 3067
2407 3485
4482 3485
2233 1570
1967 1570
1776 846
2898 846
491 1310
16 1310
2929 1858
1174 1858
3427 2247
4006 2247
3465 4264
1475 4264
552 1603
2219 1603
1360 3089
1413 3089
4093 2160
2688 2160
913 3928
4931 3928
311 3585
254 3585
3990 3781
2717 3781
1818 4273
2781 4273
408 745
3724 745
2106 3087
3828 3087
3145 4171
725 4171
3608 3173
2389 3173
2986 263
3839 263
719 3623
1366 3623
1328 4076
416 4076
724 3194
3659 3194
4336 2059
511 2059
2462 63
1374 63
900 2589
3076 2589
38 915
1936 915
2548 3425
3231 3425
2087 2017
1853 2017
656 2669
203 2669
143 137
2394 137
2595 4051
2644 4051
77 3385
4704 3385
1032 3799
1875 3799
3496 2468
4551 2468
2184 4866
3362 4866
3792 4849
3951 4849
755 644
3341 644
57 2638
668 2638
2082 1397
43 1397
2405 1408
3198 1408
4406 2617
1940 2617
4718 1560
3110 1560
847 1751
3199 1751
635 428
4746 428
2042 4356
1663 4356
1096 2575
2888 2575
3388 3075
885 3075
1530 3856
1904 3856
4651 4691
935 4691
1102 3734
1506 3734
467 4772
3136 4772
1123 1107
3270 1107
1856 1974
4639 1974
932 708
3441 708
166 1994
3537 1994
4439 280
4552 280
1955 4063
2134 4063
2590 4763
4313 4763
345 2188
3759 2188
791 6
3971 6
2012 66
1791 66
1129 974
3080 974
2639 4261
3363 4261
4954 1782
2556 1782
2650 4434
1131 4434
2292 594
4705 594
1978 446
4263 446
4030 3450
1262 3450
946 4381
3616 4381
4296 1249
4318 1249
3929 102
1445 102
4068 1927
2766 1927
3661 3366
3195 3366
4709 73
3481 73
3961 3335
1416 3335
849 129
1628 129
4500 1048
1732 1048
3128 1905
1488 1905
3321 18
2254 18
3169 2559
3000 2559
2720 1727
4759 1727
3670 301
842 301
2141 1716
2546 1716
1105 3019
3923 3019
587 1185
3500 1185
4860 1159
648 1159
1568 4698
2793 4698
460 2654
3240 2654
1909 4682
84 4682
4820 1839
1142 1839
4821 2239
2466 2239
1314 2716
413 2716
1915 4024
2739 4024
2142 674
2768 674
2542 423
2051 423
70 2437
2738 2437
239 1075
4193 1075
1130 3237
1970 3237
4604 1377
712 1377
2342 721
1275 721
1632 1302
1287 1302
3243 2736
1333 2736
4339 4516
3031 4516
2255 941
1838 941
3048 2153
141 2153
2813 24
4002 24
4 4055
1429 4055
4707 372
3498 372
4338 1694
3021 1694
132 3204
650 3204
2493 754
91 754
4447 4880
3630 4880
4420 2685
3620 2685
450 3705
4405 3705
2423 1195
3211 1195
3736 4003
4703 4003
2554 2392
111 2392
2182 4087
3032 4087
2289 3581
4937 3581
4043 2485
4251 2485
21 4383
3056 4383
1825 2815
4347 2815
2857 1148
4598 1148
117 2477
4957 2477
3011 4294
1364 4294
1356 3651
3223 3651
1114 1939
2875 1939
1190 2545
4196 2545
1056 4817
3463 4817
2085 667
1840 667
4999 151
3491 151
3605 4387
269 4387
2973 3591
2113 3591
4847 1848
3256 1848
2691 205
4979 205
1100 2396
1092 2396
1478 1277
2144 1277
2526 533
580 533
2326 3251
3983 3251
1714 3872
3332 3872
136 4368
4299 4368
3685 4935
2946 4935
3349 2171
122 2171
1816 1152
838 1152
3574 3179
1923 3179
530 4052
3106 4052
2753 3663
1371 3663
965 1296
2440 1296
4938 3848
1330 3848
4988 4470
1916 4470
1089 4607
218 4607
2286 4548
4854 4548
2666 2605
2547 2605
3290 1845
1520 1845
544 1306
3471 1306
485 3357
4557 3357
4222 465
4129 465
1299 4656
1676 4656
686 3185
1278 3185
952 4836
3117 4836
1507 3150
2419 3150
593 713
4773 713
2799 4649
1879 4649
905 3980
1579 3980
2615 2242
1578 2242
3407 2249
1693 2249
4004 2505
4431 2505
4073 4046
2244 4046
3477 1272
3487 1272
187 1629
4907 1629
3834 4905
39 4905
3991 3666
4404 3666
193 3029
3470 3029
1846 2152
4428 2152
3813 2206
2104 2206
4534 443
3197 443
647 844
1098 844
4422 1372
1581 1372
1390 4494
3074 4494
4736 1652
2567 1652
4939 180
4138 180
2424 4287
1205 4287
4507 4728
4476 4728
2982 3116
4268 3116
1626 2842
3141 2842
4162 1898
4543 1898
3426 4074
1919 4074
2234 3613
3284 3613
1538 1556
2674 1556
1443 527
3748 527
4603 3140
87 3140
3987 1088
1368 1088
1837 277
848 277
2725 1210
4179 1210
4823 542
2903 542
4658 2282
3981 2282
2050 1188
325 1188
2361 4644
3816 4644
3642 32
4378 32
796 4499
4641 4499
3794 2820
586 2820
673 4300
3178 4300
1347 2491
4738 2491
3789 869
251 869
2999 2956
2788 2956
4648 4521
1774 4521
3753 3313
3452 3313
2076 1613
2101 1613
4981 2039
942 2039
4258 371
2016 371
591 2293
261 2293
1890 3311
2355 3311
2870 2370
397 2370
761 612
1932 612
4501 262
145 262
2645 3249
4508 3249
2397 2358
2465 2358
850 2343
4977 2343
3606 2624
4045 2624
697 4541
2527 4541
3650 4610
702 4610
636 4812
317 4812
731 4450
2257 4450
3609 4072
75 4072
2796 2521
444 2521
1055 3730
4207 3730
765 1024
608 1024
1769 4864
2848 4864
3875 2125
4569 2125
1868 3652
3920 3652
1225 4846
664 4846
4109 1624
348 1624
3906 2044
1305 2044
2197 2290
4175 2290
3611 1231
3061 1231
2118 2015
4415 2015
741 1218
916 1218
3192 4437
3640 4437
385 2681
2877 2681
326 437
2274 437
1307 2281
1885 2281
74 2453
340 2453
4984 4038
923 4038
289 1586
3480 1586
1654 3601
3505 3601
2706 4654
613 4654
4757 1553
1406 1553
1121 1929
3927 1929
1689 199
329 199
4679 3526
4015 3526
4628 2214
3364 2214
1907 3599
2001 3599
3718 3464
368 3464
3866 4963
3142 4963
1346 2817
4284 2817
3851 1804
4538 1804
3024 1217
455 1217
1395 2676
124 2676
3059 3423
4633 3423
1504 734
1066 734
1772 1442
3634 1442
4862 589
121 589
3468 3458
1109 3458
1824 3125
3798 3125
1891 2694
4582 2694
1033 2540
4597 2540
926 3914
1717 3914
997 4922
4125 4922
4602 655
3656 655
4635 1588
4901 1588
1358 4903
2705 4903
2577 1219
2159 1219
207 1933
3282 1933
477 3725
801 3725
3062 4117
3676 4117
2934 3451
3592 3451
4491 4182
250 4182
1028 3049
3714 3049
1254 96
4620 96
4032 3188
3134 3188
2868 2925
3595 2925
2872 2987
1038 2987
4990 2470
3003 2470
1887 11
1379 11
843 3435
4927 3435
1585 2337
164 2337
2822 1618
3988 1618
2053 2963
1246 2963
4852 3687
1108 3687
999 2325
1719 2325
2350 3207
1135 3207
4844 1464
1820 1464
1519 4250
1259 4250
3317 1068
2169 1068
4971 2829
2995 2829
2522 3376
2596 3376
2258 3708
4483 3708
3680 4233
4869 4233
3832 3767
3043 3767
4154 2398
3001 2398
2509 833
4509 833
4057 2710
296 2710
4114 4307
23 4307
2057 3101
55 3101
4392 3843
4039 3843
116 3200
3163 3200
3393 2960
2616 2960
2019 492
4490 492
3529 1931
3584 1931
4021 3280
678 3280
2609 735
4050 735
2904 1748
3543 1748
53 4147
1115 4147
1539 2585
914 2585
2746 31
4653 31
2807 4686
3279 4686
3697 3455
3646 3455
767 4659
4305 4659
3740 4331
3042 4331
1279 2013
2613 2013
3706 2774
4226 2774
2456 4344
2773 4344
252 4348
4342 4348
3309 1826
1617 1826
3935 1037
4033 1037
4830 4839
2018 4839
4992 4965
496 4965
3547 170
3520 170
711 4834
2432 4834
652 158
4989 158
825 2555
957 2555
2529 4424
1786 4424
5 1320
829 1320
3373 690
4554 690
3622 240
1637 240
173 1448
2808 1448
1274 615
1712 615
4676 803
4145 803
4169 597
3922 597
2334 365
2790 365
1165 605
4655 605
3308 489
282 489
4612 1744
3729 1744
3947 2592
370 2592
2278 2819
320 2819
3494 2427
4527 2427
1313 3530
634 3530
4605 2670
4902 2670
572 2447
4575 2447
1093 4708
366 4708
747 2068
4716 2068
2111 1876
4345 1876
4213 346
929 346
1777 3658
728 3658
1788 4657
2036 4657
439 3695
3181 3695
2315 876
266 876
2222 840
4724 840
3406 222
1178 222
4733 1551
2937 1551
4271 776
1758 776
2335 1895
2964 1895
1040 2588
945 2588
3691 2004
3489 2004
4722 3442
2107 3442
4955 4831
42 4831
2718 148
3903 148
3538 1657
3775 1657
1869 3641
1900 3641
1958 4520
3998 4520
3883 2951
1041 2951
1857 456
787 456
3137 2887
1352 2887
126 750
1156 750
1392 3728
2827 3728
3361 3896
49 3896
1564 1902
2027 1902
3212 949
3453 949
4643 1660
3040 1660
1723 861
3254 861
3788 3563
632 3563
237 1120
1399 1120
2996 4775
1110 4775
565 1971
4799 1971
1573 3774
658 3774
2352 807
3459 807
64 1983
241 1983
3278 2236
3293 2236
4323 2880
4630 2880
3860 273
1472 273
2232 3996
874 3996
870 4511
3403 4511
2701 2501
2658 2501
1054 4919
4382 4919
2606 1634
2576 1634
1025 2006
2143 2006
4865 3448
4302 3448
3637 3259
2677 3259
2678 872
4472 872
2825 860
2777 860
1669 1336
4918 1336
3895 2653
2610 2653
3085 4950
2916 4950
2095 2245
2238 2245
2668 1207
4797 1207
3862 1736
2651 1736
3247 1928
1954 1928
2562 2568
459 2568
4585 498
778 498
3392 3177
4266 3177
1196 2139
1881 2139
1450 2365
99 2365
4783 2265
1745 2265
2 3534
1755 3534
410 3653
2729 3653
570 2859
1001 2859
2391 964
4001 964
4433 3038
1493 3038
1795 1670
4278 1670
2531 2314
1700 2314
2675 4281
1293 4281
2285 1817
247 1817
4735 1361
3649 1361
332 1897
4842 1897
220 4118
3855 4118
2372 3292
2390 3292
4720 3424
2154 3424
2602 3365
2673 3365
3519 1427
3514 1427
868 2534
4126 2534
4435 2193
1241 2193
3577 1000
3010 1000
516 2902
4012 2902
4265 1050
4070 1050
1265 1803
3124 1803
2074 3122
576 3122
2156 3060
493 3060
620 581
394 581
2965 1167
592 1167
2909 3671
1899 3671
2393 2024
2660 2024
2460 424
3045 424
2452 427
2116 427
3447 2467
1006 2467
154 1966
1767 1966
4926 2431
2298 2431
1866 4190
693 4190
4321 1561
924 1561
1707 2538
4113 2538
670 559
2264 559
4215 1590
4743 1590
1182 1948
3420 1948
1325 1773
2830 1773
3625 4487
1189 4487
4699 3263
419 3263
1476 3885
1523 3885
275 2323
308 2323
2783 4786
4898 4786
2536 3456
3246 3456
404 1468
1849 1468
1610 2742
3936 2742
2858 1679
2997 1679
3757 526
3933 526
357 1729
3201 1729
4044 3350
2138 3350
405 4723
4227 4723
318 2607
204 2607
2220 4220
4423 4220
871 1043
4814 1043
1215 2045
1968 2045
2395 2211
3495 2211
785 4385
2411 4385
3624 2767
3917 2767
3460 4647
752 4647
3610 1491
2300 1491
1431 138
3275 138
1963 1550
501 1550
4291 186
1432 186
4161 3334
449 3334
1125 3331
1124 3331
3146 1975
1376 1975
3721 1979
3919 1979
558 206
80 206
3964 1002
3732 1002
3034 4566
3953 4566
68 3502
4099 3502
3506 4306
4204 4306
4744 1232
283 1232
4745 2455
3782 2455
4176 343
3645 343
3963 2513
2784 2513
2731 82
4732 82
1119 2569
4225 2569
834 1741
661 1741
864 2090
1423 2090
1256 2212
323 2212
811 3995
4355 3995
2471 184
3097 184
1756 162
2312 162
1139 1752
4923 1752
242 3359
950 3359
4906 4324
2823 4324
3055 2442
1865 2442
2601 123
4833 123
2496 680
4203 680
2203 1396
4178 1396
3902 2760
1598 2760
3901 4956
3769 4956
779 2231
4197 2231
2652 3594
4840 3594
92 1622
4172 1622
4951 4185
4027 4185
442 4252
1946 4252
3078 534
3330 534
3469 179
2117 179
2776 3139
2479 3139
3236 4876
235 4876
1233 1759
3993 1759
3837 1155
287 1155
2787 625
3787 625
1597 4155
538 4155
2944 1725
816 1725
4191 3694
2388 3694
3899 4235
2043 4235
3123 2671
3618 2671
3348 951
2581 951
45 1350
4826 1350
1680 3940
1091 3940
2572 430
1640 430
3224 3368
4140 3368
2164 50
4581 50
3205 2612
3233 2612
2010 2954
2761 2954
177 376
2578 376
3127 4615
1627 4615
4782 830
3291 830
4013 2340
3338 2340
1852 2809
149 2809
3352 196
706 196
1469 3931
2196 3931
3360 774
4531 774
4913 2304
1574 2304
4788 2663
4911 2663
4297 1005
4600 1005
3267 2810
4675 2810
682 3673
243 3673
666 770
2210 770
3571 3400
200 3400
2277 633
684 633
354 1401
1335 1401
4100 2002
1851 2002
142 4580
1321 4580
358 513
1004 513
3413 3535
1386 3535
2633 1892
115 1892
4617 4586
1334 4586
1531 3701
508 3701
4896 4750
1331 4750
3890 2137
1388 2137
523 2094
3955 2094
739 3323
157 3323
560 249
4892 249
2533 3522
1456 3522
1369 2303
3870 2303
528 1172
1807 1172
1704 488
4652 488
3084 3006
3911 3006
1022 3754
2998 3754
3704 2962
1651 2962
1492 2216
183 2216
2943 2919
2662 2919
2908 101
1822 101
4438 616
933 616
12 1555
4567 1555
2260 2420
4537 2420
2100 3531
1699 3531
374 1181
4764 1181
1261 768
4893 768
4933 3147
2167 3147
3033 1584
3168 1584
4462 584
598 584
525 677
1619 677
894 4243
1525 4243
4668 3018
3324 3018
3894 2814
297 2814
10 1642
3750 1642
3727 1599
1070 1599
3028 679
475 679
1841 4010
4214 4010
3030 2458
4997 2458
866 59
2165 59
2133 2279
3771 2279
1674 737
867 737
804 3041
4964 3041
3069 3370
3486 3370
1770 2021
3876 2021
1609 2412
2382 2412
2984 4936
1882 4936
4711 2621
3457 2621
3941 1459
1309 1459
403 3806
2985 3806
3946 1532
86 1532
828 3346
3073 3346
98 471
3579 471
384 1355
2200 1355
1647 2611
2794 2611
1962 4376
4269 4376
1007 2207
1471 2207
2971 2148
2472 2148
1204 1375
982 1375
1811 4029
2722 4029
2826 431
4914 431
1677 2294
1206 2294
1518 1861
3780 1861
4894 909
3738 909
2949 4285
4409 4285
4517 3022
333 3022
1496 646
3558 646
4518 2178
3383 2178
3064 93
4739 93
4354 3739
4946 3739
130 4340
4124 4340
190 792
2252 792
1834 2727
3689 2727
2307 568
618 568
4308 2272
3108 2272
4061 2414
81 2414
4953 360
1874 360
407 756
4351 756
4237 3693
3203 3693
714 2846
651 2846
120 3037
4614 3037
3696 3807
1668 3807
1893 2202
3615 2202
4925 1446
810 1446
2374 2933
414 2933
2235 2544
1434 2544
105 4130
2713 4130
194 879
4504 879
758 1678
790 1678
2635 2267
1228 2267
20 4166
1778 4166
2157 515
557 515
1711 2459
4729 2459
2914 3617
4236 3617
742 4452
3751 4452
225 2828
3825 2828
3222 2224
3281 2224
4122 3985
2748 3985
1257 281
2724 281
1433 144
494 144
2329 1648
4477 1648
4048 4792
2637 4792
223 2341
499 2341
2561 233
1883 233
2296 3229
2482 3229
3307 1500
2597 1500
1074 3153
4395 3153
3051 1199
4248 1199
4471 2476
52 2476
963 411
780 411
34 4229
295 4229
2927 386
2737 386
1404 62
4142 62
2980 398
2514 398
2422 4591
4239 4591
2145 265
643 265
3820 388
2410 388
4192 4325
418 4325
2952 3504
285 3504
4202 1183
4370 1183
2972 4460
4899 4460
669 1338
4987 1338
1503 483
4618 483
3399 1263
112 1263
4886 1850
2506 1850
1166 543
238 543
3484 2069
862 2069
438 1245
2246 1245
855 3503
4857 3503
4492 1801
1015 1801
3287 3784
2697 3784
2434 3889
4785 3889
1734 4960
2573 4960
3274 3817
2886 3817
4930 2413
2026 2413
3319 2657
760 2657
2920 1529
3761 1529
305 229
4802 229
4156 639
3408 639
468 4608
4374 4608
2078 1288
928 1288
2064 458
1799 458
133 2077
4667 2077
4224 851
3934 851
1202 4153
3602 4153
4564 4563
4800 4563
3289 3910
4478 3910
188 1047
1692 1047
4131 993
2918 993
2779 330
2056 330
896 2407
1387 2407
2176 4482
2771 4482
2201 2233
3801 2233
4223 1967
837 1967
3548 1776
4553 1776
1638 2898
782 2898
1533 491
3845 491
3715 16
938 16
4127 2929
4328 2929
319 1174
2516 1174
2804 3427
2108 3427
1806 4006
3172 4006
4363 3465
2275 3465
3405 1475
569 1475
227 552
3196 552
422 2219
2373 2219
562 1360
1641 1360
2319 1413
2708 1413
3516 4093
4498 4093
4276 2688
4677 2688
2150 913
1430 913
1580 4931
3130 4931
663 311
1370 311
2151 254
3868 254
3214 3990
1403 3990
1479 2717
3057 2717
2565 1818
4317 1818
1194 2781
1253 2781
3154 408
401 408
3962 3724
660 3724
1329 2106
286 2106
794 3828
1297 3828
3835 3145
4445 3145
1339 725
246 725
2889 3608
4139 3608
1631 2389
2958 2389
1304 2986
3758 2986
2837 3839
2508 3839
2228 719
3126 719
2446 1366
659 1366
389 1328
3072 1328
4097 416
3356 416
2869 724
378 724
3841 3659
1079 3659
321 4336
3175 4336
2416 511
2981 511
3915 2462
3647 2462
3016 1374
1276 1374
352 900
127 900
1697 3076
69 3076
4702 38
2628 38
601 1936
2735 1936
1421 2548
3702 2548
1662 3231
1290 3231
351 2087
481 2087
3907 1853
4796 1853
3627 656
3472 656
2928 203
97 203
3107 143
857 143
3035 2394
3007 2394
4863 2595
216 2595
1428 2644
4421 2644
2318 77
662 77
4592 4704
2441 4704
495 1032
3023 1032
806 1875
845 1875
2409 3496
4474 3496
3189 4551
189 4551
3144 2184
2852 2184
4768 3362
4917 3362
925 3792
1612 3792
2478 3951
716 3951
4246 755
4719 755
4379 3341
2948 3341
3479 57
566 57
4758 668
1009 668
1192 2082
432 2082
757 43
532 43
978 2405
3054 2405
884 3198
4079 3198
3824 4406
4596 4406
2816 1940
212 1940
897 4718
718 4718
3690 3110
4714 3110
4629 847
3068 847
904 3199
4362 3199
3312 635
973 635
54 4746
315 4746
2800 2042
1461 2042
2730 1663
4808 1663
2114 1096
2896 1096
1201 2888
2430 2888
687 3388
507 3388
3760 885
2204 885
583 1530
4293 1530
3720 1904
1949 1904
2330 4651
3143 4651
461 935
705 935
921 1102
2747 1102
259 1506
819 1506
284 467
1094 467
2957 3136
1116 3136
4945 1123
4574 1123
1486 3270
210 3270
4208 1856
3790 1856
4334 4639
2855 4639
3979 932
4583 932
2871 3441
1872 3441
3898 166
4413 166
3926 3537
4967 3537
4106 4439
314 4439
540 4552
2276 4552
1592 1955
2448 1955
2161 2134
3466 2134
309 2590
171 2590
987 4313
4274 4313
4695 345
3325 345
4727 3759
457 3759
1144 791
3228 791
836 3971
600 3971
2821 2012
4891 2012
769 1791
2532 1791
727 1129
1528 1129
762 3080
2208 3080
4412 2639
2517 2639
1991 3363
3741 3363
1039 4954
2241 4954
3573 2556
1871 2556
4365 2650
1150 2650
2464 1131
3822 1131
902 2292
2719 2292
3467 4705
4706 4705
1239 1978
279 1978
1303 4263
163 4263
1385 4030
720 4030
1980 1262
3593 1262
1836 946
219 946
4539 3616
3152 3616
2497 4296
2867 4296
3184 4318
1147 4318
3925 3929
4369 3929
4825 1445
3098 1445
2127 4068
2563 4068
788 2766
4832 2766
2327 3661
1240 3661
3893 3195
3854 3195
4755 4709
3589 4709
231 3481
3970 3481
479 3961
4565 3961
2831 1416
1141 1416
1267 849
3264 849
2604 1628
2695 1628
78 4500
1796 4500
3938 1732
3945 1732
4346 3128
1562 3128
2194 1488
4017 1488
4495 3321
3132 3321
1906 2254
889 2254
627 3169
1162 3169
595 3000
4690 3000
1236 2720
3088 2720
676 4759
4627 4759
1833 3670
539 3670
4408 842
2679 842
3735 2141
1812 2141
1722 2546
3863 2546
4458 1105
2163 1105
181 3923
4037 3923
3052 587
2961 587
4858 3500
715 3500
1985 4860
3304 4860
3776 648
998 648
4616 1568
336 1568
2966 2793
1886 2793
107 460
1990 460
4245 3240
759 3240
3884 1909
783 1909
610 84
3164 84
1894 4820
2552 4820
3394 1142
2636 1142
4151 4821
2189 4821
383 2466
1521 2466
3483 1314
1998 1314
3867 413
3351 413
3633 1915
2733 1915
3723 2739
1710 2739
3544 2142
3157 2142
2932 2768
983 2768
1418 2542
1030 2542
1832 2051
1950 2051
4962 70
2063 70
518 2738
4513 2738
4260 239
2757 239
2882 4193
4388 4193
1888 1130
1046 1130
3744 1970
4533 1970
2084 4604
3847 4604
3764 712
4871 712
4394 2342
953 2342
1209 1275
537 1275
4060 1632
3546 1632
83 1287
113 1287
3513 3243
1498 3243
519 1333
1018 1333
4650 4339
4160 4339
2055 3031
3398 3031
4674 2255
4489 2255
4286 1838
4425 1838
4572 3048
3322 3048
3167 141
4841 141
211 2813
4637 2813
3805 4002
4119 4002
472 4
3320 4
104 1429
3686 1429
2580 4707
3002 4707
3180 3498
4442 3498
2894 4338
1664 4338
1992 3021
1072 3021
3501 132
3298 132
3159 650
3230 650
1026 2493
1797 2493
2380 91
3992 91
4174 4447
3908 4447
4747 3630
4710 3630
1623 4420
955 4420
3811 3620
375 3620
4555 450
2429 450
2345 4405
3660 4405
764 2423
1271 2423
1019 3211
4150 3211
1359 3736
881 3736
2454 4703
1258 4703
1300 2554
3328 2554
2950 111
1264 111
3374 2182
4558 2182
638 3032
257 3032
1577 2289
1690 2289
4908 4937
1981 4937
1805 4043
906 4043
799 4251
2656 4251
1698 21
710 21
1615 3056
451 3056
267 1825
1667 1825
4809 4347
4078 4347
4025 2857
4795 2857
2081 4598
3093 4598
1315 117
3227 117
4685 4957
4098 4957
2530 3011
2339 3011
1821 1364
4008 1364
3576 1356
1436 1356
2992 3223
1516 3223
3942 1114
4878 1114
2080 2875
1060 2875
2778 1190
4479 1190
2140 4196
3226 4196
1535 1056
2066 1056
2955 3463
3342 3463
3053 2085
3588 2085
4881 1840
1524 1840
4441 4999
1470 4999
4874 3491
912 3491
4912 3605
2709 3605
3409 269
561 269
2634 2973
3682 2973
3836 2113
356 2113
3865 4847
4915 4847
4186 3256
3090 3256
4116 2691
3058 2691
4301 4979
324 4979
3488 1100
1351 1100
4341 1092
4530 1092
2347 1478
478 1478
146 2144
733 2144
2131 2526
1572 2526
3105 580
1863 580
1285 2326
3333 2326
2912 3983
1738 3983
4000 1714
4761 1714
1160 3332
3384 3332
2836 136
895 136
3949 4299
1184 4299
4188 3685
4159 3685
3434 2946
217 2946
1724 3349
1616 3349
4270 122
1344 122
1132 1816
4741 1816
4855 838
623 838
2856 3574
1859 3574
2664 1923
2803 1923
3755 530
4463 530
155 3106
645 3106
4952 2753
2166 2753
3997 1371
4807 1371
3083 965
553 965
3726 2440
1495 2440
917 4938
1543 4938
3219 1330
3525 1330
3939 4988
4701 4988
1910 1916
3439 1916
2977 1089
4134 1089
730 218
293 218
820 2286
3314 2286
4200 4854
4684 4854
1365 2666
3733 2666
3768 2547
1827 2547
1843 3290
3303 3290
4497 1520
2520 1520
2712 544
3012 544
2749 3471
4259 3471
2421 485
4638 485
28 4557
4687 4557
3644 4222
373 4222
1251 4129
2900 4129
1071 1299
1311 1299
4678 1676
3410 1676
4588 686
1284 686
1646 1278
1718 1278
2005 952
4316 952
1925 3117
2149 3117
1362 1507
2557 1507
2974 2419
3353 2419
2386 593
3878 593
4475 4773
4359 4773
4330 2799
817 2799
1854 1879
4778 1879
717 905
695 905
975 1579
1785 1579
2897 2615
2187 2615
2507 1578
2400 1578
2967 3407
2991 3407
482 1693
1636 1693
3628 4004
1982 4004
4042 4431
4427 4431
2734 4073
4882 4073
2072 2244
3861 2244
3518 3477
4660 3477
1266 3487
362 3487
3777 187
3692 187
3148 4907
2993 4907
3528 3834
3797 3834
3047 39
434 39
2338 3991
2667 3991
4671 4404
2608 4404
1947 193
1171 193
3252 3470
221 3470
4329 1846
2309 1846
637 4428
4609 4428
3241 3813
1977 3813
3850 2104
4793 2104
4868 4534
400 4534
4446 3197
2195 3197
1090 647
1526 647
3772 1098
1465 1098
3982 4422
1639 4422
1482 1581
3390 1581
1193 1390
1083 1390
4049 3074
2328 3074
209 4736
4401 4736
224 2567
4895 2567
3449 4939
3381 4939
342 4138
3638 4138
3202 2424
3785 2424
1154 1205
1673 1205
3071 4507
37 4507
1168 4476
4594 4476
4765 2982
2119 2982
4361 4268
2959 4268
2947 1626
1708 1626
46 3141
3462 3141
1918 4162
2571 4162
2288 4543
3191 4543
839 3426
4794 3426
3674 1919
2988 1919
201 2234
3575 2234
1229 3284
2989 3284
2283 1538
160 1538
3433 2674
3377 2674
1289 1443
4137 1443
696 3748
546 3748
2401 4603
4088 4603
1625 87
44 87
1547 3987
1128 3987
3511 1368
1391 1368
4991 1837
1643 1837
61 848
473 848
2073 2725
3283 2725
707 4179
1021 4179
1483 4823
624 4823
4982 2903
2368 2903
3025 4658
353 4658
3882 3981
4198 3981
19 2050
1084 2050
878 325
4211 325
395 2361
4262 2361
440 3816
4696 3816
814 3642
4859 3642
4780 4378
812 4378
497 796
2899 796
25 4641
2630 4641
350 3794
1844 3794
1814 586
1545 586
3583 673
3749 673
392 3178
256 3178
2504 1347
1122 1347
4980 4738
4102 4738
877 3789
1250 3789
3852 251
4666 251
1753 2999
95 2999
3550 2788
2502 2788
4432 4648
701 4648
4974 1774
3473 1774
1112 3753
412 3753
4101 3452
1860 3452
4811 2076
3306 2076
4578 2101
2121 2101
2550 4981
991 4981
1720 942
2940 942
1294 4258
3170 4258
1972 2016
390 2016
2492 591
4455 591
60 261
1342 261
4712 1890
1808 1890
1684 2355
1378 2355
3417 2870
1737 2870
4943 397
26 397
621 761
290 761
3853 1932
1462 1932
1003 4501
2240 4501
4177 145
1784 145
110 2645
2930 2645
3186 4508
4167 4508
3316 2397
2812 2397
1829 2465
4461 2465
3679 850
268 850
4218 4977
2863 4977
980 3606
573 3606
3391 4045
2007 4045
466 697
2009 697
1187 2527
971 2527
922 3650
3668 3650
1815 702
1136 702
3930 636
4303 636
198 317
989 317
425 731
2564 731
1049 2257
195 2257
4835 3609
3541 3609
3358 75
3636 75
3113 2796
753 2796
4790 444
4419 444
1389 1055
4112 1055
1087 4207
2603 4207
4187 765
4309 765
4726 608
3677 608
1514 1769
1552 1769
3401 2848
4056 2848
1675 3875
3932 3875
1234 4569
1548 4569
4550 1868
2243 1868
3507 3920
3044 3920
1771 1225
773 1225
4752 664
4040 664
2723 4109
2883 4109
2780 348
979 348
2003 3906
4393 3906
1149 1305
700 1305
3887 2197
2385 2197
4364 4175
2316 4175
4314 3611
134 3611
3445 3061
967 3061
4107 2118
4662 2118
4689 4415
2745 4415
2845 741
2324 741
4054 916
3232 916
3081 3192
1226 3192
3476 3640
4985 3640
1412 385
3419 385
883 2877
3305 2877
4770 326
90 326
2711 2274
4625 2274
1053 1307
3892 1307
2449 1885
1080 1885
556 74
339 74
1457 340
1576 340
58 4984
4298 4984
306 923
4143 923
51 289
3587 289
176 3480
4875 3480
1243 1654
4326 1654
3698 3505
4570 3505
3570 2706
276 2706
48 613
2185 613
2661 4757
4774 4757
4386 1406
4221 1406
824 1121
3976 1121
3326 3927
512 3927
288 1689
4715 1689
4959 329
890 329
4247 4679
377 4679
4380 4015
3515 4015
1176 4628
4164 4628
1601 3364
1739 3364
3800 1907
1635 1907
2011 2001
3802 2001
4819 3718
3763 3718
4443 368
2625 368
1143 3866
2356 3866
4399 3142
535 3142
4444 1346
1082 1346
381 4284
4219 4284
2261 3851
599 3851
1157 4538
2417 4538
4961 3024
2732 3024
2263 455
1973 455
1034 1395
2594 1395
4740 124
2175 124
27 3059
1058 3059
2687 4633
2539 4633
3956 1504
2180 1504
3958 1066
3297 1066
4549 1772
4343 1772
541 3634
4664 3634
1164 4862
3937 4862
4544 121
4023 121
4071 3468
3414 3468
1754 1109
4065 1109
1179 1824
1017 1824
2034 3798
3096 3798
415 1891
4512 1891
3786 4582
3337 4582
2754 1033
2518 1033
3248 4597
1709 4597
1145 926
2227 926
8 1717
1747 1717
4312 997
463 997
4998 4125
3129 4125
1270 4602
2495 4602
480 3656
3149 3656
4883 4635
831 4635
2684 4901
3218 4901
2926 1358
4856 1358
990 2705
3440 2705
775 2577
3554 2577
1749 2159
1420 2159
1775 207
2976 207
379 3282
3013 3282
1959 477
1449 477
567 801
1544 801
3288 3062
2915 3062
2123 3676
1549 3676
617 2934
4384 2934
2537 3592
3681 3592
4994 4491
1474 4491
1393 250
1422 250
2209 1028
2758 1028
3208 3714
4371 3714
1237 1254
2938 1254
3950 4620
1489 4620
1163 4032
3375 4032
2586 3134
1382 3134
3155 2868
445 2868
299 3595
344 3595
3974 2872
1761 2872
310 1038
4619 1038
4141 4990
2500 4990
4661 3003
2824 3003
704 1887
2461 1887
1735 1379
548 1379
1645 843
2223 843
71 4927
3582 4927
880 1585
4623 1585
887 164
2313 164
4624 2822
3336 2822
3703 3988
3095 3988
4672 2053
4556 2053
2543 1246
2721 1246
521 4852
4631 4852
1345 1108
607 1108
3286 999
2262 999
4009 1719
1986 1719
2360 2350
4810 2350
3643 1135
1281 1135
1961 4844
2083 4844
4730 1820
4949 1820
367 1519
853 1519
968 1259
809 1259
1134 3317
214 3317
2922 2169
3258 2169
3770 4971
4047 4971
1509 2995
4760 2995
3112 2522
1554 2522
1607 2596
1864 2596
4310 2258
1140 2258
640 4483
1042 4483
3808 3680
1177 3680
1608 4869
675 4869
2474 3832
3302 3832
272 3043
4436 3043
911 4154
2629 4154
854 3001
3111 3001
3665 2509
341 2509
234 4509
334 4509
2623 4057
1934 4057
1512 296
2755 296
172 4114
316 4114
1447 23
2348 23
740 2057
2402 2057
4108 55
4522 55
2936 4392
1230 4392
2942 4039
2336 4039
1405 116
363 116
2535 3163
192 3163
956 3393
3438 3393
1027 2616
4573 2616
3444 2019
2221 2019
3215 4490
3590 4490
2797 3529
962 3529
1813 3584
409 3584
4411 4021
1180 4021
2969 678
1688 678
3318 2609
590 2609
1760 4050
1212 4050
4909 2904
4152 2904
4084 3543
433 3543
3017 53
3743 53
2436 1115
642 1115
631 1539
3972 1539
1792 914
2541 914
992 2746
4779 2746
3216 4653
802 4653
2054 2807
4095 2807
118 3279
1650 3279
3877 3697
1301 3697
4767 3646
165 3646
3415 767
13 767
4480 4305
4357 4305
2786 3740
1600 3740
2582 3042
1945 3042
4249 1279
4976 1279
1984 2613
984 2613
2499 3706
2683 3706
2763 4226
4473 4226
347 2456
248 2456
369 2773
2696 2773
2060 252
175 252
1008 4342
3968 4342
2484 3309
1957 3309
2014 1617
744 1617
1268 3935
1912 3935
3831 4033
1073 4033
236 4830
1238 4830
3161 2018
653 2018
3404 4992
274 4992
3036 496
2983 496
4488 3547
3418 3547
4111 3520
4941 3520
1485 711
1633 711
4670 2432
996 2432
291 652
2689 652
4311 4989
4315 4989
4983 825
793 825
1594 957
2136 957
4910 2529
1059 2529
1687 1786
886 1786
1440 5
2759 5
441 829
2418 829
1563 3373
4528 3373
3766 4554
3225 4554
784 3622
1137 3622
2047 1637
119 1637
1790 173
2905 173
729 2808
4713 2808
2876 1274
1510 1274
3844 1712
1103 1712
3648 4676
976 4676
4360 4145
298 4145
3986 4169
3684 4169
995 3922
3578 3922
2574 2334
79 2334
3829 2790
3070 2790
4064 1165
2302 1165
520 4655
1349 4655
3765 3308
1095 3308
4734 282
100 282
4562 4612
2818 4612
4407 3729
630 3729
1451 3947
1077 3947
1819 370
4453 370
327 2278
3294 2278
2519 320
1069 320
4389 3494
4075 3494
2366 4527
270 4527
789 1313
391 1313
981 634
614 634
4587 4605
2425 4605
1133 4902
300 4902
2199 572
2367 572
2648 4575
3273 4575
3539 1093
2096 1093
3521 366
3183 366
3960 747
934 747
2333 4716
3245 4716
3555 2111
1111 2111
1996 4345
1889 4345
4400 4213
3532 4213
3712 929
3621 929
3838 1777
1341 1777
3268 728
2765 728
1200 1788
4725 1788
4069 2036
4209 2036
4924 439
2192 439
2549 3181
35 3181
3266 2315
313 2315
4561 266
2841 266
852 2222
588 2222
3065 4724
1248 4724
3826 3406
2853 3406
2566 1178
3561 1178
1582 4733
1063 4733
3461 2937
4993 2937
2862 4271
4485 4271
3796 1758
2099 1758
2097 2335
3833 2335
2979 2964
3103 2964
3607 1040
3296 1040
1911 945
2349 945
380 3691
2256 3691
763 3489
2079 3489
4464 4722
232 4722
2028 2107
969 2107
3973 4955
3762 4955
2968 42
2075 42
2834 2718
1280 2718
3020 3903
2906 3903
4524 3538
691 3538
1571 3775
2463 3775
4090 1869
4853 1869
1490 1900
611 1900
1223 1958
2344 1958
3840 3998
3842 3998
4189 3883
1611 3883
1508 1041
1656 1041
2642 1857
2363 1857
3213 787
2599 787
2553 3137
797 3137
1298 1352
89 1352
709 126
908 126
3815 1156
4238 1156
4267 1392
4801 1392
2570 2827
3527 2827
1353 3361
1487 3361
2913 49
4593 49
1497 1564
3371 1564
898 2027
766 2027
4571 3212
2287 3212
421 3453
245 3453
4014 4643
4973 4643
2618 3040
2756 3040
4737 1723
1831 1723
2798 3254
3079 3254
3779 3788
2270 3788
1823 632
3242 632
822 237
1938 237
2357 1399
109 1399
4429 2996
1221 2996
182 1110
555 1110
3100 565
2772 565
3295 4799
4884 4799
1127 1573
1086 1573
3559 658
4242 658
4094 2352
161 2352
2132 3459
4966 3459
1467 64
1222 64
3562 241
1937 241
2098 3278
1323 3278
1417 3293
1988 3293
1118 4323
2237 4323
4850 4630
1830 4630
4403 3860
1031 3860
3823 1472
3967 1472
1802 2232
3063 2232
654 874
4257 874
1169 870
2494 870
3509 3403
746 3403
4784 2701
4748 2701
2332 2658
4440 2658
2866 1054
1780 1054
1113 4382
3135 4382
1317 2606
3752 2606
4613 2576
1721 2576
2833 1025
1569 1025
4240 2143
777 2143
551 4865
2775 4865
2978 4302
2873 4302
3131 3637
1862 3637
1161 2677
1800 2677
4590 2678
657 2678
4579 4472
2785 4472
4103 2825
4115 2825
4789 2777
4080 2777
692 1669
3672 1669
331 4918
4589 4918
4968 3895
2893 3895
2364 2610
1460 2610
17 3085
213 3085
4148 2916
986 2916
1337 2095
1318 2095
3156 2238
2158 2238
2907 2668
3416 2668
2067 4797
3524 4797
3478 3862
3244 3862
1052 2651
2213 2651
3873 3247
3669 3247
3151 1954
2551 1954
2789 2562
2173 2562
2835 459
4205 459
191 4585
748 4585
2377 778
4547 778
726 3392
3379 3392
3596 4266
2931 4266
4683 1196
4426 1196
940 1881
2346 1881
3717 1450
4210 1450
1283 99
2378 99
4120 4783
2994 4783
4942 1745
4542 1745
3344 2
536 2
2891 1755
4885 1755
128 410
1410 410
2864 2729
4279 2729
168 570
174 570
1437 1001
936 1001
3310 2391
387 2391
3814 4001
823 4001
303 4433
2626 4433
2486 1493
3412 1493
2655 1795
2704 1795
2457 4278
2291 4278
3921 2531
4092 2531
2321 1700
1061 1700
4791 2675
1426 2675
1726 1293
3655 1293
264 2285
1332 2285
3552 247
4523 247
3523 4735
2682 4735
2306 3649
4568 3649
2901 332
3783 332
4519 4842
3778 4842
4887 220
3891 220
3008 3855
1282 3855
4688 2372
1023 2372
1666 2390
893 2390
4136 4720
2037 4720
970 2154
3944 2154
554 2602
1227 2602
1527 2673
4851 2673
723 3519
4128 3519
3250 3514
827 3514
3859 868
2376 868
1186 4126
3512 4126
4377 4435
4283 4435
1655 1241
4289 1241
3094 3577
2110 3577
2191 3010
2584 3010
4751 516
2093 516
4091 4012
4181 4012
4304 4265
4975 4265
3913 4070
3864 4070
3881 1265
1517 1265
2198 3124
3271 3124
1917 2074
260 2074
3261 576
3411 576
1247 2156
4254 2156
1367 493
1993 493
4199 620
2481 620
4940 394
4645 394
2726 2965
4396 2965
3026 592
4897 592
4777 2909
1999 2909
1057 1899
2885 1899
2917 2393
4253 2393
4920 2660
3874 2660
4669 2460
393 2460
4694 3045
2381 3045
1414 2452
649 2452
108 2116
3553 2116
4595 3447
966 3447
150 1006
4241 1006
1877 154
3586 154
3632 1767
2707 1767
602 4926
3678 4926
4781 2298
805 2298
1438 1866
2033 1866
2128 693
2802 693
2299 4321
529 4321
1424 924
937 924
1286 1707
1211 1707
4986 4113
4020 4113
338 670
873 670
1566 2264
3886 2264
1567 4215
4398 4215
2488 4743
959 4743
1466 1182
3262 1182
490 3420
1062 3420
2179 1325
4827 1325
3683 2830
1942 2830
2854 3625
2591 3625
4742 1189
549 1189
1789 4699
3984 4699
1104 419
4066 419
1908 1476
3713 1476
453 1523
1455 1523
1730 275
808 275
596 308
743 308
76 2783
486 2783
4621 4898
3329 4898
2503 2536
3077 2536
4292 3246
4123 3246
4402 404
1541 404
1534 1849
628 1849
3612 1610
4217 1610
1793 3936
3639 3936
3234 2858
2714 2858
771 2997
4577 2997
1013 3757
4019 3757
3118 3933
41 3933
1036 357
1682 357
1081 3201
322 3201
1943 4044
2945 4044
3918 2138
795 2138
1762 405
3719 405
22 4227
2659 4227
1969 318
4515 318
3255 204
954 204
1644 2220
2878 2220
3437 4423
1383 4423
2186 871
4816 871
2146 4814
1146 4814
1873 1215
4234 1215
3508 1968
1921 1968
3857 2395
4806 2395
487 3495
1326 3495
1930 785
4559 785
4646 2411
3432 2411
72 3624
4815 3624
4146 3917
3104 3917
3380 3460
4535 3460
3299 752
2089 752
4320 3610
524 3610
4889 2300
2690 2300
15 1431
85 1431
3626 3275
4414 3275
3924 1963
4824 1963
3635 501
3821 501
1415 4291
689 4291
1126 1432
3909 1432
4467 4161
1740 4161
2266 449
1235 449
1989 1125
4681 1125
4375 1124
1522 1124
3276 3146
1252 3146
4877 1376
3121 1376
2088 3721
3443 3721
2795 3919
1477 3919
2112 558
3015 558
1768 80
167 80
3454 3964
4540 3964
1010 3732
226 3732
3138 3034
2362 3034
258 3953
2851 3953
2183 68
4337 68
1614 4099
3536 4099
4173 3506
813 3506
818 4204
3428 4204
1653 4744
1425 4744
454 283
510 283
3912 4745
307 4745
1997 3782
4663 3782
4319 4176
2970 4176
947 3645
4332 3645
4576 3963
1458 3963
2764 2784
2884 2784
1394 2731
1672 2731
4754 4732
2498 4732
1960 1119
3277 1119
1941 4225
4367 4225
547 834
1681 834
3631 661
699 661
4692 864
2029 864
2162 1423
359 1423
2226 1256
1198 1256
2331 323
961 323
578 811
1242 811
4756 4355
2892 4355
2744 2471
2065 2471
4456 3097
2924 3097
4077 1756
156 1756
2525 2312
3809 2312
3171 1139
732 1139
3429 4923
1620 4923
4350 242
3492 242
722 950
4642 950
4813 4906
2305 4906
892 2823
474 2823
1855 3055
230 3055
429 1865
3482 1865
2941 2601
3827 2601
1870 4833
2632 4833
1151 2496
3556 2496
2415 4203
1924 4203
1696 2203
2473 2203
3092 4178
4776 4178
3756 3902
1540 3902
114 1598
3265 1598
585 3901
4626 3901
826 3769
4011 3769
3540 779
3667 779
2217 4197
3162 4197
683 2652
2699 2652
1953 4840
464 4840
4481 92
1926 92
1511 4172
3166 4172
1029 4951
2990 4951
2451 4027
1965 4027
2910 442
815 442
2025 1946
2353 1946
3091 3078
2805 3078
3009 3330
3235 3330
3994 3469
2023 3469
2359 2117
545 2117
4622 2776
781 2776
2923 2479
502 2479
4526 3236
1012 3236
3397 235
4459 235
335 1233
337 1233
3598 3993
1746 3993
2071 3837
65 3837
2103 287
736 287
579 2787
3315 2787
931 3787
4256 3787
3285 1597
3557 1597
960 538
2740 538
3580 2944
1175 2944
4837 816
1173 816
4861 4191
698 4191
2762 2388
2268 2388
2297 3899
2672 3899
972 2043
14 2043
4358 3123
1224 3123
1798 3618
3339 3618
3603 3348
500 3348
2135 2581
1292 2581
672 45
2560 45
3905 4826
1220 4826
3675 1680
2403 1680
4232 1091
4282 1091
3082 2572
364 2572
355 1640
1014 1640
169 3224
3978 3224
1810 4140
2523 4140
1587 2164
1444 2164
3382 4581
4484 4581
738 3205
1575 3205
2512 3233
3158 3233
4390 2010
2483 2010
2646 2761
1255 2761
436 177
4818 177
3629 2578
4496 2578
4749 3127
1944 3127
484 1627
1565 1627
798 4782
944 4782
4397 3291
3604 3291
2102 4013
1269 4013
1794 3338
1203 3338
4611 1852
4634 1852
1701 149
2215 149
3542 3352
1158 3352
2743 706
3497 706
2895 1469
859 1469
3187 2196
1064 2196
2129 3360
3619 3360
920 4531
1409 4531
3773 4913
2700 4913
94 1574
4510 1574
2046 4788
2622 4788
3014 4911
462 4911
772 4297
1695 4297
1630 4600
2369 4600
575 3267
4599 3267
509 4675
1713 4675
888 682
3422 682
4843 243
2383 243
382 666
1045 666
4916 2210
4697 2210
4486 3571
3614 3571
4505 200
703 200
821 2277
2271 2277
1244 684
1763 684
