1000 999
213 742
126 213
559 126
104 559
758 104
115 758
498 115
264 498
496 264
644 496
971 644
407 971
221 407
110 221
209 110
544 209
766 544
200 766
420 200
240 420
629 240
214 629
156 214
925 156
284 925
385 284
933 385
810 933
878 810
2 878
462 2
411 462
863 411
649 863
263 649
691 263
485 691
304 485
904 304
820 904
47 820
795 47
815 795
379 815
119 379
706 119
351 706
707 351
124 707
452 124
231 452
322 231
36 322
312 36
481 312
363 481
494 363
888 494
901 888
373 901
680 373
688 680
463 688
882 463
768 882
203 768
93 203
228 93
681 228
65 681
867 65
947 867
321 947
285 321
773 285
900 773
123 900
459 123
70 459
708 70
814 708
672 814
343 672
160 343
217 160
571 217
582 571
49 582
511 49
499 511
277 499
40 277
790 40
334 790
957 334
516 957
261 516
172 261
883 172
746 883
244 746
135 244
356 135
35 356
512 35
330 512
405 330
369 405
699 369
636 699
605 636
981 605
168 981
763 168
819 763
555 819
289 555
191 289
469 191
657 469
33 657
744 33
996 744
362 996
564 362
732 564
639 732
841 639
151 841
729 151
456 729
238 456
989 238
291 989
716 291
414 716
748 414
443 748
399 443
46 399
281 46
779 281
566 779
259 566
364 259
98 364
451 98
913 451
488 913
416 488
534 416
227 534
268 227
885 268
327 885
694 327
539 694
974 539
852 974
246 852
683 246
695 683
982 695
720 982
91 720
665 91
515 665
781 515
663 781
166 663
788 166
296 788
550 296
531 550
140 531
81 140
908 81
426 908
802 426
969 802
375 969
18 375
7 18
83 7
575 83
442 575
813 442
122 813
839 122
472 839
682 472
709 682
812 709
741 812
458 741
233 458
371 233
755 371
179 755
10 179
917 10
799 917
295 799
611 295
655 611
56 655
31 56
471 31
724 471
673 724
323 673
643 323
920 643
245 920
964 245
176 964
361 176
53 361
404 53
391 404
332 391
386 332
960 386
697 960
298 697
136 298
879 136
454 879
319 454
987 319
787 987
734 787
821 734
822 821
250 822
633 250
986 633
131 986
341 131
735 341
800 735
207 800
824 207
967 824
333 967
845 333
642 845
235 642
429 235
535 429
513 535
248 513
519 248
103 519
616 103
710 616
448 710
71 448
652 71
38 652
771 38
464 771
187 464
750 187
762 750
635 762
780 635
253 780
199 253
560 199
482 560
703 482
367 703
548 367
23 548
952 23
121 952
117 121
936 117
551 936
568 551
959 568
884 959
256 884
612 256
563 612
162 563
24 162
62 24
692 62
249 692
85 249
188 85
326 188
278 326
517 278
274 517
87 274
142 87
637 142
842 637
338 842
871 338
9 871
68 9
892 68
439 892
415 439
811 415
159 811
951 159
676 951
977 676
105 977
721 105
489 721
177 489
514 177
615 514
328 615
173 328
689 173
101 689
279 101
57 279
602 57
311 602
293 311
693 293
577 693
372 577
598 372
475 598
630 475
613 630
968 613
722 968
738 722
480 738
753 480
92 753
856 92
269 856
144 269
412 144
701 412
26 701
491 26
910 491
645 910
344 645
912 344
759 912
111 759
626 111
740 626
935 740
569 935
198 569
801 198
785 801
536 785
492 536
798 492
434 798
915 434
973 915
940 973
875 940
956 875
32 956
130 32
953 130
618 953
374 618
988 374
82 988
847 82
507 847
243 507
670 243
728 670
282 728
928 282
337 928
702 337
889 702
955 889
991 955
998 991
949 998
827 949
427 827
937 427
565 937
16 565
219 16
950 219
864 950
497 864
946 497
61 946
267 61
592 267
625 592
247 625
872 247
194 872
396 194
664 396
493 664
453 493
100 453
767 100
567 767
41 567
381 41
573 381
275 573
501 275
178 501
866 178
870 866
890 870
518 890
99 518
837 99
523 837
831 523
473 831
586 473
266 586
591 266
944 591
958 944
226 958
184 226
926 184
980 926
76 980
911 76
553 911
308 553
128 308
306 128
96 306
5 96
196 5
965 196
833 965
774 833
287 774
650 287
129 650
698 129
667 698
64 667
599 64
778 599
342 778
74 342
437 74
677 437
252 677
993 252
963 993
589 963
684 589
938 684
715 938
189 715
139 189
325 139
927 325
384 927
169 384
368 169
608 368
943 608
185 943
150 185
60 150
624 60
272 624
638 272
8 638
313 8
756 313
931 756
95 931
345 95
165 345
450 165
570 450
447 570
382 447
527 382
125 527
620 125
932 620
388 932
170 388
552 170
549 552
167 549
868 167
594 868
658 594
772 658
392 772
220 392
359 220
899 359
350 899
500 350
17 500
547 17
835 547
52 835
792 52
366 792
495 366
906 495
745 906
428 745
765 428
609 765
340 609
843 340
634 843
234 634
206 234
400 206
133 400
578 133
580 578
251 580
584 251
505 584
43 505
510 43
704 510
902 704
743 902
897 743
34 897
803 34
201 803
711 201
318 711
545 318
978 545
241 978
562 241
102 562
914 102
654 914
421 654
137 421
880 137
540 880
54 540
202 54
924 202
283 924
660 283
997 660
310 997
50 310
423 50
11 423
583 11
686 583
887 686
257 887
143 257
752 143
90 752
907 90
858 907
853 858
503 853
760 503
438 760
524 438
355 524
377 355
387 377
999 387
641 999
850 641
302 850
653 302
483 653
211 483
793 211
851 793
79 851
623 79
145 623
75 145
276 75
504 276
474 504
116 474
20 116
619 20
114 619
832 114
723 832
398 723
433 398
690 433
307 690
158 307
783 158
525 783
966 525
270 966
595 270
446 595
297 446
726 297
731 726
164 731
794 164
97 794
45 97
520 45
603 520
292 603
354 292
358 354
942 358
242 942
896 242
666 896
432 666
921 432
394 921
78 394
294 78
894 294
1000 894
840 1000
972 840
107 972
19 107
408 19
132 408
975 132
468 975
331 468
606 331
271 606
561 271
749 561
588 749
141 588
478 141
929 478
849 929
395 849
674 395
557 674
154 557
127 154
316 127
58 316
422 58
797 422
336 797
610 336
254 610
352 254
175 352
229 175
764 229
581 764
3 581
903 3
212 903
579 212
161 579
224 161
714 224
1 714
806 1
205 806
67 205
59 67
984 59
329 984
360 329
905 360
546 905
239 546
324 239
881 324
796 881
739 796
685 739
86 685
146 86
73 146
502 73
210 502
678 210
522 678
441 522
526 441
679 526
631 679
646 631
886 646
174 886
859 174
994 859
370 994
487 370
509 487
640 509
922 640
445 922
730 445
954 730
476 954
874 476
305 874
909 305
628 909
255 628
791 255
315 791
543 315
621 543
718 621
300 718
537 300
230 537
757 230
876 757
528 876
393 528
290 393
895 290
661 895
484 661
607 484
506 607
182 506
181 182
604 181
995 604
713 995
204 713
431 204
237 431
134 237
838 134
939 838
596 939
538 596
784 538
449 784
590 449
320 590
4 320
632 4
13 632
587 13
751 587
985 751
183 985
223 183
163 223
669 163
834 669
521 834
945 521
727 945
529 727
941 529
22 941
934 22
80 934
776 80
854 776
317 854
775 317
754 775
265 754
365 265
348 365
919 348
402 919
725 402
770 725
180 770
916 180
648 916
120 648
37 120
533 37
893 533
417 893
280 417
486 280
816 486
862 816
303 862
992 303
733 992
530 733
836 530
962 836
357 962
157 357
712 157
413 712
378 413
769 378
808 769
28 808
208 28
662 208
440 662
51 440
789 51
542 789
383 542
983 383
309 983
406 309
314 406
918 314
467 918
353 467
923 353
63 923
736 63
409 736
829 409
860 829
410 860
466 410
656 466
335 656
826 335
705 826
622 705
461 622
844 461
869 844
627 869
225 627
6 225
195 6
556 195
828 556
425 828
192 425
113 192
970 113
948 970
389 948
601 389
717 601
961 717
376 961
29 376
260 29
817 260
44 817
94 44
232 94
460 232
477 460
153 477
651 153
69 651
830 69
737 830
88 737
27 88
687 27
418 687
190 418
861 190
873 861
112 873
490 112
807 490
148 807
197 148
215 197
288 215
990 288
273 990
600 273
465 600
21 465
12 21
30 12
786 30
585 786
339 585
455 339
48 455
349 48
55 349
898 55
222 898
403 222
430 403
855 430
380 855
72 380
108 72
419 108
346 419
617 346
805 617
155 805
109 155
216 109
171 216
39 171
857 39
118 857
106 118
42 106
149 42
782 149
576 782
700 576
152 700
747 152
77 747
597 77
15 597
301 15
804 301
470 804
435 470
891 435
457 891
347 457
299 347
401 299
444 401
193 444
138 193
647 138
186 647
696 186
668 696
390 668
397 390
286 397
719 286
147 719
424 147
258 424
979 258
675 979
823 675
218 823
262 218
508 262
809 508
66 809
877 66
865 877
436 865
777 436
14 777
574 14
572 574
25 572
558 25
818 558
846 818
976 846
659 976
532 659
84 532
89 84
825 89
593 825
614 593
541 614
930 541
848 930
554 848
236 554
671 236
479 671
761 479
