5000 5000
4580 3041
3041 3211
3211 356
356 394
394 3562
3562 726
726 1909
1909 445
445 1090
1090 2
2 278
278 2632
2632 1175
1175 2420
2420 3159
3159 3634
3634 2957
2957 4802
4802 1941
1941 1514
1514 391
391 1776
1776 4080
4080 583
583 4742
4742 4925
4925 971
971 2158
2158 4005
4005 2169
2169 4979
4979 4153
4153 1059
1059 739
739 3573
3573 1334
1334 2950
2950 1765
1765 3129
3129 1307
1307 3920
3920 4097
4097 938
938 3143
3143 3967
3967 3147
3147 455
455 253
253 2623
2623 4526
4526 1265
1265 638
638 1236
1236 2849
2849 2460
2460 903
903 968
968 3899
3899 2843
2843 4371
4371 3901
3901 2364
2364 1968
1968 3276
3276 3089
3089 1284
1284 4156
4156 2709
2709 1255
1255 3128
3128 223
223 4291
4291 4666
4666 4008
4008 3669
3669 3911
3911 49
49 4960
4960 1777
1777 1212
1212 834
834 3315
3315 4367
4367 1079
1079 392
392 4458
4458 3018
3018 2748
2748 3898
3898 3514
3514 4533
4533 2857
2857 4147
4147 922
922 3100
3100 2319
2319 2747
2747 3861
3861 4800
4800 246
246 1714
1714 659
659 4324
4324 312
312 3412
3412 4600
4600 908
908 720
720 4378
4378 1324
1324 465
465 254
254 1397
1397 1715
1715 2028
2028 2483
2483 89
89 1898
1898 1271
1271 16
16 3481
3481 3623
3623 3162
3162 917
917 1895
1895 1788
1788 3693
3693 1559
1559 3418
3418 3500
3500 1143
1143 3076
3076 3362
3362 4151
4151 4327
4327 3892
3892 4130
4130 1306
1306 4790
4790 2756
2756 858
858 77
77 317
317 2296
2296 3012
3012 3666
3666 3979
3979 1423
1423 3710
3710 3284
3284 9
9 3639
3639 1220
1220 1955
1955 3647
3647 2800
2800 4084
4084 160
160 1636
1636 2385
2385 3373
3373 4923
4923 1258
1258 4734
4734 3881
3881 4899
4899 479
479 3451
3451 418
418 1417
1417 2312
2312 1781
1781 239
239 4624
4624 1239
1239 4694
4694 3113
3113 2374
2374 2736
2736 2229
2229 4248
4248 2816
2816 3548
3548 1050
1050 4546
4546 2961
2961 4011
4011 4903
4903 1873
1873 3932
3932 3156
3156 4760
4760 1881
1881 1083
1083 3101
3101 516
516 4809
4809 2439
2439 4439
4439 3677
3677 3709
3709 1132
1132 1501
1501 4999
4999 467
467 3034
3034 2262
2262 4275
4275 4892
4892 4850
4850 4492
4492 3389
3389 3821
3821 3934
3934 4908
4908 558
558 2832
2832 4398
4398 3889
3889 2808
2808 2838
2838 2400
2400 4361
4361 1695
1695 4408
4408 2872
2872 200
200 1963
1963 2237
2237 30
30 2599
2599 192
192 3762
3762 3583
3583 931
931 4722
4722 4835
4835 352
352 1016
1016 3833
3833 4346
4346 4061
4061 315
315 2468
2468 876
876 1939
1939 1167
1167 301
301 1142
1142 3465
3465 43
43 1837
1837 155
155 172
172 1993
1993 940
940 3366
3366 1145
1145 3795
3795 4865
4865 2285
2285 2454
2454 3118
3118 1398
1398 3149
3149 905
905 2421
2421 3790
3790 1192
1192 1332
1332 2441
2441 508
508 2362
2362 1596
1596 204
204 836
836 2570
2570 4781
4781 4437
4437 4503
4503 2778
2778 687
687 2629
2629 2150
2150 2725
2725 1326
1326 4459
4459 3853
3853 4536
4536 4547
4547 4516
4516 297
297 899
899 2261
2261 334
334 4312
4312 1102
1102 4618
4618 2941
2941 4176
4176 3613
3613 3322
3322 3483
3483 4768
4768 1319
1319 522
522 2165
2165 263
263 3370
3370 2766
2766 1680
1680 393
393 1598
1598 193
193 2547
2547 323
323 633
633 53
53 3522
3522 1965
1965 4243
4243 4830
4830 1159
1159 4232
4232 1540
1540 1260
1260 1748
1748 2785
2785 3417
3417 3941
3941 3475
3475 3250
3250 2113
2113 1006
1006 1704
1704 1495
1495 2465
2465 927
927 4295
4295 1787
1787 3751
3751 2842
2842 1823
1823 1176
1176 539
539 2852
2852 298
298 26
26 581
581 4164
4164 1066
1066 3954
3954 2204
2204 1144
1144 2715
2715 4556
4556 2254
2254 3007
3007 1647
1647 2462
2462 2583
2583 682
682 3876
3876 76
76 4896
4896 1232
1232 2549
2549 1250
1250 3624
3624 1601
1601 4473
4473 2539
2539 1123
1123 3257
3257 573
573 529
529 4695
4695 3527
3527 2072
2072 3829
3829 3884
3884 2854
2854 4603
4603 2276
2276 1700
1700 4663
4663 491
491 3763
3763 1161
1161 48
48 2983
2983 704
704 4978
4978 4170
4170 3328
3328 890
890 4705
4705 852
852 4754
4754 3503
3503 4089
4089 4966
4966 4409
4409 3003
3003 4673
4673 1184
1184 1712
1712 540
540 2220
2220 3706
3706 2759
2759 2751
2751 3989
3989 4875
4875 2948
2948 17
17 1133
1133 4227
4227 3799
3799 1442
1442 4884
4884 2090
2090 4544
4544 1098
1098 4223
4223 3423
3423 386
386 786
786 2613
2613 1430
1430 3040
3040 3240
3240 1660
1660 849
849 1482
1482 2411
2411 4136
4136 3355
3355 623
623 4631
4631 2230
2230 3764
3764 896
896 347
347 2300
2300 780
780 2123
2123 106
106 281
281 3097
3097 1152
1152 2588
2588 1804
1804 4819
4819 3387
3387 1570
1570 103
103 1096
1096 2457
2457 4094
4094 3948
3948 4424
4424 3333
3333 1475
1475 3860
3860 3406
3406 3880
3880 4135
4135 1882
1882 1480
1480 3723
3723 2679
2679 4856
4856 668
668 2286
2286 1893
1893 1174
1174 2544
2544 1590
1590 2310
2310 368
368 4502
4502 4739
4739 4799
4799 25
25 1315
1315 1510
1510 1028
1028 4257
4257 4064
4064 2112
2112 4373
4373 421
421 4711
4711 2147
2147 2913
2913 3579
3579 1418
1418 1981
1981 22
22 3636
3636 988
988 4139
4139 370
370 2564
2564 1512
1512 3961
3961 2037
2037 3645
3645 788
788 2489
2489 4461
4461 1008
1008 2862
2862 1040
1040 384
384 2850
2850 647
647 3037
3037 1041
1041 3329
3329 4218
4218 2399
2399 735
735 1465
1465 521
521 509
509 4270
4270 3670
3670 458
458 268
268 4685
4685 551
551 36
36 1544
1544 1904
1904 3910
3910 2801
2801 2340
2340 3807
3807 303
303 1918
1918 4621
4621 3206
3206 4939
4939 2275
2275 3542
3542 3980
3980 4829
4829 1568
1568 3531
3531 626
626 528
528 1962
1962 3402
3402 2702
2702 4495
4495 4525
4525 1839
1839 3126
3126 685
685 4448
4448 4785
4785 536
536 3242
3242 4710
4710 1387
1387 176
176 1891
1891 713
713 625
625 634
634 4396
4396 4882
4882 2253
2253 3191
3191 4416
4416 3976
3976 1802
1802 1621
1621 1425
1425 408
408 4571
4571 1139
1139 4724
4724 1356
1356 1364
1364 4773
4773 1208
1208 341
341 2750
2750 2475
2475 337
337 1952
1952 3813
3813 98
98 1313
1313 929
929 2911
2911 1280
1280 1869
1869 654
654 2683
2683 2294
2294 119
119 3448
3448 4370
4370 2435
2435 3286
3286 761
761 3733
3733 615
615 3772
3772 3272
3272 4132
4132 2270
2270 2134
2134 2769
2769 4964
4964 3664
3664 1624
1624 1320
1320 1312
1312 4974
4974 855
855 694
694 4101
4101 2773
2773 3942
3942 4028
4028 3200
3200 4222
4222 2640
2640 3731
3731 3988
3988 2143
2143 2597
2597 3875
3875 3671
3671 1795
1795 4169
4169 3247
3247 3868
3868 2657
2657 616
616 933
933 2809
2809 3845
3845 2334
2334 2678
2678 2000
2000 872
872 4071
4071 164
164 1931
1931 4292
4292 3379
3379 4261
4261 4404
4404 2787
2787 2696
2696 3711
3711 2940
2940 4687
4687 1385
1385 693
693 535
535 2054
2054 3922
3922 2280
2280 543
543 2824
2824 2717
2717 879
879 2923
2923 3808
3808 2451
2451 4669
4669 4284
4284 2274
2274 4700
4700 4485
4485 3004
3004 4617
4617 1062
1062 3566
3566 4500
4500 198
198 3042
3042 2973
2973 2861
2861 803
803 4173
4173 3994
3994 4929
4929 2545
2545 1814
1814 3350
3350 1757
1757 2669
2669 1314
1314 2102
2102 4481
4481 3279
3279 2161
2161 1298
1298 4601
4601 4652
4652 2479
2479 1429
1429 3074
3074 830
830 932
932 4931
4931 1642
1642 2661
2661 4714
4714 238
238 591
591 1736
1736 2153
2153 4843
4843 3320
3320 1275
1275 1528
1528 3978
3978 2051
2051 4006
4006 2639
2639 2125
2125 3900
3900 4019
4019 3248
3248 3682
3682 2283
2283 4889
4889 4201
4201 2637
2637 318
318 173
173 3951
3951 4021
4021 924
924 1803
1803 3039
3039 2976
2976 1458
1458 3281
3281 2137
2137 777
777 4537
4537 3388
3388 1900
1900 646
646 3610
3610 364
364 4038
4038 716
716 992
992 3241
3241 498
498 3063
3063 2905
2905 2065
2065 2574
2574 1264
1264 934
934 2466
2466 4972
4972 4076
4076 4274
4274 314
314 2302
2302 730
730 3326
3326 447
447 2349
2349 3271
3271 90
90 1641
1641 588
588 4387
4387 3025
3025 3777
3777 1436
1436 3983
3983 4936
4936 4560
4560 2308
2308 412
412 2288
2288 389
389 3703
3703 4740
4740 3103
3103 4323
4323 2740
2740 748
748 3885
3885 3945
3945 1935
1935 1936
1936 2920
2920 3817
3817 1267
1267 5
5 1967
1967 167
167 2131
2131 3806
3806 2235
2235 4871
4871 817
817 4810
4810 2215
2215 3891
3891 3769
3769 1964
1964 2625
2625 4569
4569 4364
4364 4640
4640 4277
4277 87
87 3533
3533 4020
4020 3486
3486 3457
3457 4877
4877 1372
1372 4697
4697 3570
3570 560
560 4074
4074 4765
4765 166
166 592
592 4268
4268 1760
1760 4926
4926 109
109 3295
3295 2538
2538 1105
1105 1632
1632 607
607 3837
3837 863
863 395
395 3434
3434 3443
3443 3372
3372 2159
2159 4878
4878 1988
1988 1852
1852 3374
3374 2214
2214 839
839 944
944 915
915 2216
2216 15
15 2860
2860 4838
4838 4273
4273 1437
1437 1011
1011 2510
2510 187
187 82
82 194
194 371
371 3262
3262 2209
2209 95
95 1408
1408 4668
4668 631
631 1447
1447 3509
3509 3977
3977 2140
2140 1321
1321 697
697 2293
2293 2887
2887 1017
1017 3826
3826 1274
1274 3072
3072 1149
1149 1377
1377 4924
4924 23
23 2295
2295 1043
1043 2104
2104 1413
1413 2870
2870 1122
1122 182
182 1333
1333 1251
1251 1355
1355 2587
2587 712
712 4251
4251 2007
2007 2058
2058 3851
3851 3195
3195 1934
1934 4602
4602 2381
2381 2975
2975 4279
4279 1295
1295 1818
1818 2474
2474 606
606 4129
4129 3631
3631 553
553 425
425 4994
4994 1151
1151 2458
2458 2974
2974 4339
4339 3092
3092 3080
3080 3511
3511 3264
3264 2497
2497 1402
1402 1784
1784 4462
4462 3543
3543 853
853 3873
3873 3458
3458 1171
1171 2921
2921 1761
1761 1448
1448 311
311 1584
1584 765
765 1925
1925 695
695 4957
4957 2909
2909 3088
3088 3812
3812 4063
4063 3440
3440 4900
4900 4265
4265 4570
4570 3358
3358 3745
3745 1701
1701 2321
2321 1527
1527 1537
1537 1361
1361 1420
1420 270
270 4354
4354 1245
1245 2139
2139 1643
1643 3392
3392 4436
4436 4267
4267 3016
3016 4792
4792 1311
1311 795
795 2978
2978 3491
3491 3655
3655 4985
4985 3208
3208 1922
1922 3234
3234 2327
2327 3062
3062 3046
3046 3186
3186 1914
1914 4660
4660 1056
1056 662
662 3050
3050 3864
3864 4647
4647 35
35 1613
1613 125
125 3893
3893 2246
2246 1793
1793 2981
2981 821
821 1562
1562 3572
3572 2585
2585 1569
1569 4691
4691 2032
2032 2562
2562 4671
4671 3228
3228 838
838 4377
4377 3346
3346 4733
4733 2064
2064 1462
1462 3558
3558 2584
2584 4457
4457 2526
2526 4392
4392 952
952 388
388 2711
2711 3308
3308 441
441 676
676 2263
2263 4187
4187 1668
1668 2593
2593 1846
1846 1421
1421 170
170 578
578 3755
3755 390
390 3771
3771 140
140 4198
4198 4390
4390 1434
1434 1410
1410 1156
1156 2049
2049 2026
2026 2534
2534 1594
1594 4737
4737 3353
3353 826
826 4844
4844 2335
2335 4472
4472 3028
3028 1940
1940 1323
1323 1666
1666 1487
1487 221
221 3122
3122 4870
4870 3044
3044 4938
4938 480
480 2370
2370 3038
3038 2326
2326 2436
2436 2154
2154 396
396 3217
3217 3155
3155 3265
3265 1380
1380 4172
4172 1603
1603 4886
4886 3903
3903 2251
2251 575
575 3551
3551 2121
2121 1112
1112 1755
1755 4721
4721 149
149 1412
1412 2670
2670 1395
1395 1984
1984 2201
2201 1247
1247 4453
4453 3539
3539 942
942 2096
2096 2595
2595 1645
1645 3463
3463 570
570 4730
4730 3043
3043 1352
1352 1095
1095 2210
2210 2052
2052 3422
3422 3414
3414 4480
4480 2141
2141 640
640 2761
2761 2739
2739 1477
1477 1422
1422 359
359 1779
1779 4113
4113 677
677 199
199 1140
1140 332
332 426
426 937
937 4083
4083 1662
1662 3410
3410 3738
3738 2616
2616 2095
2095 4296
4296 1786
1786 3939
3939 3163
3163 2840
2840 3714
3714 4049
4049 2088
2088 4247
4247 1502
1502 2592
2592 4178
4178 4283
4283 4031
4031 651
651 1022
1022 2301
2301 2428
2428 792
792 926
926 2269
2269 2502
2502 2500
2500 1973
1973 1623
1623 3198
3198 3640
3640 2221
2221 1956
1956 1238
1238 401
401 3569
3569 2790
2790 3931
3931 222
222 2195
2195 4572
4572 1217
1217 4930
4930 409
409 3616
3616 2554
2554 2659
2659 3679
3679 1917
1917 3737
3737 2879
2879 728
728 3538
3538 753
753 1538
1538 486
486 306
306 3741
3741 2190
2190 1794
1794 782
782 3231
3231 3834
3834 3394
3394 4337
4337 3469
3469 4374
4374 3243
3243 4548
4548 2949
2949 213
213 3462
3462 3720
3720 4012
4012 4965
4965 3841
3841 4215
4215 2676
2676 110
110 1859
1859 2846
2846 2298
2298 4568
4568 829
829 2548
2548 2367
2367 722
722 3831
3831 3066
3066 1067
1067 4690
4690 2656
2656 4749
4749 4741
4741 3052
3052 2453
2453 3855
3855 2922
2922 1782
1782 1960
1960 1730
1730 2380
2380 1381
1381 3106
3106 1297
1297 3144
3144 2217
2217 3581
3581 2226
2226 4729
4729 91
91 1629
1629 2951
2951 1409
1409 4727
4727 4772
4772 2731
2731 1894
1894 1970
1970 3704
3704 1225
1225 3251
3251 423
423 400
400 3015
3015 186
186 1905
1905 3694
3694 1682
1682 2473
2473 3214
3214 1724
1724 797
797 2869
2869 4411
4411 1370
1370 3432
3432 1263
1263 1296
1296 1172
1172 3825
3825 4022
4022 4077
4077 1740
1740 691
691 622
622 4016
4016 4821
4821 3732
3732 1163
1163 3699
3699 3906
3906 2518
2518 2989
2989 3608
3608 3312
3312 1728
1728 3301
3301 973
973 416
416 108
108 2120
2120 3230
3230 215
215 2330
2330 4651
4651 1511
1511 1327
1327 4052
4052 4474
4474 851
851 4793
4793 3836
3836 4335
4335 1444
1444 2069
2069 801
801 2012
2012 3079
3079 1283
1283 3352
3352 4454
4454 12
12 2375
2375 4471
4471 2516
2516 3332
3332 1752
1752 4915
4915 1256
1256 3815
3815 714
714 3886
3886 3536
3536 3254
3254 132
132 2130
2130 4520
4520 3176
3176 531
531 2815
2815 709
709 767
767 2172
2172 4758
4758 4677
4677 760
760 1053
1053 4244
4244 3565
3565 4148
4148 869
869 4092
4092 1591
1591 2779
2779 947
947 3498
3498 2392
2392 4237
4237 1863
1863 1411
1411 4145
4145 4626
4626 833
833 4138
4138 70
70 1628
1628 2238
2238 1515
1515 2782
2782 4859
4859 3659
3659 2103
2103 2336
2336 2127
2127 1348
1348 4196
4196 2024
2024 3441
3441 2461
2461 904
904 4230
4230 3952
3952 3437
3437 4057
4057 189
189 81
81 4280
4280 743
743 768
768 744
744 1424
1424 878
878 1716
1716 3259
3259 597
597 1031
1031 3953
3953 260
260 1923
1923 3793
3793 4482
4482 1861
1861 1915
1915 4868
4868 4356
4356 3607
3607 3335
3335 2682
2682 4779
4779 4684
4684 4654
4654 2695
2695 4512
4512 4066
4066 133
133 1201
1201 2542
2542 1572
1572 344
344 1210
1210 2463
2463 3878
3878 1731
1731 4183
4183 608
608 1738
1738 1519
1519 1048
1048 4805
4805 1386
1386 703
703 4731
4731 957
957 3184
3184 2106
2106 4591
4591 4837
4837 343
343 3030
3030 3193
3193 3135
3135 585
585 3773
3773 683
683 4111
4111 3453
3453 3160
3160 1492
1492 4625
4625 985
985 1092
1092 2914
2914 305
305 2603
2603 3409
3409 4975
4975 595
595 3400
3400 4616
4616 2219
2219 4163
4163 102
102 1454
1454 3031
3031 1002
1002 4134
4134 601
601 4418
4418 1689
1689 474
474 3363
3363 4637
4637 4513
4513 4736
4736 3835
3835 2433
2433 4085
4085 3796
3796 1698
1698 4982
4982 4207
4207 2610
2610 3222
3222 1185
1185 4529
4529 609
609 4919
4919 2311
2311 4042
4042 335
335 552
552 807
807 4413
4413 4263
4263 4551
4551 2611
2611 976
976 1013
1013 2531
2531 1290
1290 283
283 3559
3559 3981
3981 1720
1720 1577
1577 3730
3730 1987
1987 3585
3585 2894
2894 4208
4208 2181
2181 1004
1004 2589
2589 3635
3635 2496
2496 348
348 2148
2148 3473
3473 4718
4718 2780
2780 2009
2009 1110
1110 1943
1943 4922
4922 3995
3995 3219
3219 619
619 4698
4698 1971
1971 3917
3917 771
771 4545
4545 860
860 2100
2100 3897
3897 811
811 3735
3735 3011
3011 1729
1729 2774
2774 2658
2658 574
574 3065
3065 432
432 4120
4120 2728
2728 2379
2379 2705
2705 492
492 4583
4583 2693
2693 2577
2577 2720
2720 4081
4081 1114
1114 1858
1858 2155
2155 738
738 1877
1877 3068
3068 34
34 3421
3421 784
784 1549
1549 2487
2487 4256
4256 3236
3236 4553
4553 2753
2753 2776
2776 4133
4133 2794
2794 4381
4381 1399
1399 3586
3586 1883
1883 2485
2485 39
39 4326
4326 3090
3090 4732
4732 2733
2733 322
322 689
689 2839
2839 4855
4855 4441
4441 3081
3081 913
913 1995
1995 4018
4018 3385
3385 3420
3420 3726
3726 2407
2407 4725
4725 3194
3194 3633
3633 3644
3644 2992
2992 1908
1908 2503
2503 277
277 4467
4467 4301
4301 3245
3245 3717
3717 1902
1902 3776
3776 3814
3814 1304
1304 227
227 987
987 1394
1394 360
360 2636
2636 3944
3944 437
437 2277
2277 4167
4167 1756
1756 4862
4862 4504
4504 886
886 2136
2136 2163
2163 4109
4109 4997
4997 3971
3971 866
866 1135
1135 2558
2558 2768
2768 4149
4149 2008
2008 4047
4047 313
313 1844
1844 1414
1414 4780
4780 1749
1749 3045
3045 4611
4611 4825
4825 3343
3343 274
274 4879
4879 2732
2732 1783
1783 4490
4490 1459
1459 1287
1287 3870
3870 212
212 2040
2040 4065
4065 4191
4191 2338
2338 3300
3300 4567
4567 1945
1945 3715
3715 2135
2135 4407
4407 822
822 1926
1926 3673
3673 4707
4707 2015
2015 3830
3830 799
799 228
228 3816
3816 3657
3657 856
856 4315
4315 3800
3800 4581
4581 1744
1744 255
255 3857
3857 2889
2889 1293
1293 134
134 1091
1091 4662
4662 2936
2936 2344
2344 2075
2075 818
818 2222
2222 680
680 4051
4051 1242
1242 3357
3357 962
962 4444
4444 2524
2524 3728
3728 4981
4981 2971
2971 3093
3093 4746
4746 4288
4288 3051
3051 1108
1108 1989
1989 3759
3759 84
84 2033
2033 511
511 4852
4852 1488
1488 3729
3729 3054
3054 4438
4438 2699
2699 47
47 1588
1588 3454
3454 1554
1554 3653
3653 1229
1229 2652
2652 2098
2098 113
113 3464
3464 3175
3175 1473
1473 4188
4188 837
837 3289
3289 3753
3753 4861
4861 639
639 4349
4349 641
641 4764
4764 2404
2404 1612
1612 4366
4366 2686
2686 3487
3487 4382
4382 2266
2266 440
440 2408
2408 715
715 295
295 74
74 1821
1821 2871
2871 3665
3665 3865
3865 3713
3713 579
579 2563
2563 2918
2918 1181
1181 4352
4352 2671
2671 4435
4435 4961
4961 4099
4099 2892
2892 436
436 4368
4368 4969
4969 2662
2662 3403
3403 2182
2182 4394
4394 4996
4996 916
916 2232
2232 2749
2749 1276
1276 105
105 130
130 2073
2073 1990
1990 4849
4849 4876
4876 2664
2664 3450
3450 2035
2035 1490
1490 1120
1120 3183
3183 4720
4720 2429
2429 3680
3680 3507
3507 1652
1652 4344
4344 4412
4412 3439
3439 2369
2369 3165
3165 3545
3545 512
512 656
656 3700
3700 1933
1933 3154
3154 628
628 3568
3568 2600
2600 243
243 4518
4518 1663
1663 4023
4023 4106
4106 3398
3398 4897
4897 466
466 667
667 1616
1616 487
487 4068
4068 280
280 2329
2329 2241
2241 3871
3871 1862
1862 3874
3874 3273
3273 443
443 4212
4212 3181
3181 2029
2029 2013
2013 4009
4009 325
325 1534
1534 1626
1626 4959
4959 1467
1467 4911
4911 3896
3896 1679
1679 1023
1023 4260
4260 3946
3946 161
161 163
163 1677
1677 4585
4585 2556
2556 214
214 1137
1137 3
3 4970
4970 3480
3480 2644
2644 4426
4426 3925
3925 3912
3912 1903
1903 484
484 3996
3996 2955
2955 2053
2053 1856
1856 1489
1489 1019
1019 1460
1460 1602
1602 4298
4298 3765
3765 2378
2378 2410
2410 3188
3188 4043
4043 209
209 2481
2481 244
244 1792
1792 1763
1763 1857
1857 3161
3161 2712
2712 1575
1575 2552
2552 142
142 2803
2803 4276
4276 3537
3537 3297
3297 751
751 4507
4507 2885
2885 3601
3601 60
60 3872
3872 1635
1635 1665
1665 1709
1709 1438
1438 2151
2151 2050
2050 2691
2691 4098
4098 1262
1262 3678
3678 2174
2174 271
271 1305
1305 2284
2284 1178
1178 1037
1037 4214
4214 1860
1860 4628
4628 3291
3291 3017
3017 2533
2533 2915
2915 1910
1910 4557
4557 702
702 4804
4804 2953
2953 2249
2249 1937
1937 184
184 4566
4566 3651
3651 1809
1809 1266
1266 3484
3484 4128
4128 4137
4137 1093
1093 4048
4048 3341
3341 943
943 3292
3292 1651
1651 3798
3798 2797
2797 97
97 2995
2995 630
630 3778
3778 1543
1543 4025
4025 4950
4950 4141
4141 2059
2059 2714
2714 3555
3555 3290
3290 1506
1506 2874
2874 3107
3107 1535
1535 909
909 4204
4204 469
469 151
151 2357
2357 3528
3528 497
497 3212
3212 450
450 1868
1868 1099
1099 174
174 2634
2634 232
232 1278
1278 2934
2934 544
544 812
812 814
814 3516
3516 463
463 3105
3105 4515
4515 266
266 4430
4430 1464
1464 2048
2048 4114
4114 3681
3681 2906
2906 4848
4848 3314
3314 1463
1463 4534
4534 2213
2213 2164
2164 2016
2016 3311
3311 1719
1719 1479
1479 3921
3921 4803
4803 1780
1780 3104
3104 2459
2459 38
38 4913
4913 1426
1426 1218
1218 3622
3622 4629
4629 3650
3650 2762
2762 3683
3683 40
40 1094
1094 2916
2916 1876
1876 1404
1404 2225
2225 1200
1200 4745
4745 742
742 100
100 2755
2755 1349
1349 2966
2966 3508
3508 1525
1525 2703
2703 901
901 994
994 4627
4627 4466
4466 3095
3095 1842
1842 1026
1026 541
541 1517
1517 4675
4675 1087
1087 2646
2646 1259
1259 4329
4329 1985
1985 3167
3167 2744
2744 1599
1599 1754
1754 284
284 4604
4604 2962
2962 1375
1375 1025
1025 1469
1469 1672
1672 411
411 2929
2929 2074
2074 1531
1531 2318
2318 24
24 1580
1580 3557
3557 604
604 4872
4872 3641
3641 2014
2014 4406
4406 1828
1828 1222
1222 2306
2306 2418
2418 433
433 1032
1032 2255
2255 3150
3150 1125
1125 258
258 68
68 2833
2833 4786
4786 3468
3468 4226
4226 923
923 1843
1843 3499
3499 1979
1979 3987
3987 383
383 1820
1820 4246
4246 1529
1529 245
245 1115
1115 2279
2279 4619
4619 420
420 236
236 4055
4055 71
71 2856
2856 3278
3278 1101
1101 4643
4643 1205
1205 842
842 2398
2398 4519
4519 1343
1343 4447
4447 1215
1215 1113
1113 1007
1007 1560
1560 1243
1243 4987
4987 2240
2240 320
320 4609
4609 2807
2807 1187
1187 3233
3233 3663
3663 2202
2202 2743
2743 3199
3199 4026
4026 2719
2719 4717
4717 2851
2851 510
510 3969
3969 1390
1390 4272
4272 4641
4641 3205
3205 4824
4824 32
32 2078
2078 4864
4864 1688
1688 1592
1592 1009
1009 3026
3026 593
593 3471
3471 3283
3283 2581
2581 868
868 1980
1980 2754
2754 959
959 2638
2638 2021
2021 1069
1069 3218
3218 4400
4400 4927
4927 302
302 4286
4286 3926
3926 1116
1116 2387
2387 4689
4689 211
211 3472
3472 3676
3676 4432
4432 1130
1130 42
42 900
900 1342
1342 4993
4993 3459
3459 568
568 2309
2309 3146
3146 1778
1778 3476
3476 4388
4388 3449
3449 3521
3521 4947
4947 361
361 4211
4211 3502
3502 3626
3626 2560
2560 3935
3935 3937
3937 506
506 2228
2228 1089
1089 13
13 3591
3591 843
843 2020
2020 118
118 4289
4289 1014
1014 2836
2836 3546
3546 261
261 554
554 2752
2752 3269
3269 1379
1379 4258
4258 2908
2908 2476
2476 3232
3232 4376
4376 4659
4659 564
564 4062
4062 2965
2965 2193
2193 2565
2565 114
114 224
224 3956
3956 921
921 4607
4607 1338
1338 3594
3594 4450
4450 3916
3916 1932
1932 501
501 956
956 4240
4240 3525
3525 1676
1676 4535
4535 831
831 3661
3661 2901
2901 1953
1953 4826
4826 1393
1393 4853
4853 131
131 4954
4954 4468
4468 749
749 3324
3324 3913
3913 4054
4054 4379
4379 4983
4983 4117
4117 1797
1797 3904
3904 2377
2377 569
569 1639
1639 561
561 572
572 1353
1353 4817
4817 51
51 4389
4389 2446
2446 4383
4383 1762
1762 4046
4046 1052
1052 1710
1710 1431
1431 1057
1057 3020
3020 2006
2006 1912
1912 4771
4771 154
154 603
603 1388
1388 596
596 629
629 4239
4239 2027
2027 4789
4789 438
438 2365
2365 3288
3288 4561
4561 3348
3348 1875
1875 958
958 3721
3721 4351
4351 1658
1658 789
789 3734
3734 679
679 285
285 882
882 2933
2933 3369
3369 3818
3818 3839
3839 1081
1081 1428
1428 1593
1593 1214
1214 4091
4091 4713
4713 4944
4944 1273
1273 58
58 3084
3084 11
11 158
158 2233
2233 1951
1951 2925
2925 990
990 532
532 3220
3220 964
964 1466
1466 382
382 4827
4827 1619
1619 4992
4992 3117
3117 4564
4564 4854
4854 756
756 902
902 1182
1182 660
660 1854
1854 3401
3401 2622
2622 2482
2482 1129
1129 3112
3112 2097
2097 4653
4653 2068
2068 736
736 617
617 4530
4530 460
460 2011
2011 3974
3974 4171
4171 4554
4554 4306
4306 169
169 1268
1268 986
986 4901
4901 2727
2727 2876
2876 4293
4293 1435
1435 470
470 461
461 4253
4253 4234
4234 605
605 3360
3360 3136
3136 2628
2628 2741
2741 1907
1907 4494
4494 4419
4419 2412
2412 3986
3986 4282
4282 1605
1605 4839
4839 3637
3637 478
478 4155
4155 4986
4986 2467
2467 248
248 2442
2442 1299
1299 256
256 3750
3750 203
203 732
732 3120
3120 721
721 1345
1345 234
234 1769
1769 179
179 4219
4219 4967
4967 3658
3658 1611
1611 4608
4608 1604
1604 1270
1270 2386
2386 4951
4951 1365
1365 4386
4386 3310
3310 3692
3692 183
183 981
981 1648
1648 527
527 1288
1288 4958
4958 1644
1644 2272
2272 2706
2706 755
755 229
229 4252
4252 1552
1552 2402
2402 2438
2438 2903
2903 2403
2403 813
813 4255
4255 740
740 769
769 4069
4069 1378
1378 1684
1684 3390
3390 3182
3182 1039
1039 717
717 3914
3914 2967
2967 1836
1836 4726
4726 1832
1832 2571
2571 3375
3375 2619
2619 1309
1309 1845
1845 648
648 1791
1791 300
300 565
565 1822
1822 3445
3445 3809
3809 711
711 3882
3882 2685
2685 4657
4657 1015
1015 2440
2440 468
468 2187
2187 94
94 621
621 21
21 4365
4365 410
410 2243
2243 3158
3158 841
841 3356
3356 1042
1042 4774
4774 2084
2084 4538
4538 257
257 1556
1556 1815
1815 2389
2389 2837
2837 734
734 3520
3520 1071
1071 4470
4470 122
122 3280
3280 3775
3775 3883
3883 2707
2707 3365
3365 2376
2376 672
672 240
240 3984
3984 262
262 1046
1046 350
350 4446
4446 3064
3064 3627
3627 1878
1878 3127
3127 525
525 1683
1683 4661
4661 657
657 5000
5000 3828
3828 4238
4238 1767
1767 2132
2132 4723
4723 4769
4769 4914
4914 481
481 1697
1697 3133
3133 4384
4384 1690
1690 2207
2207 4465
4465 1849
1849 4894
4894 785
785 1532
1532 3848
3848 2493
2493 3382
3382 2099
2099 3701
3701 3019
3019 2422
2422 705
705 136
136 107
107 635
635 1282
1282 3009
3009 1830
1830 1407
1407 4332
4332 854
854 2290
2290 2543
2543 2282
2282 2307
2307 4639
4639 1088
1088 4415
4415 4192
4192 2765
2765 1038
1038 3224
3224 1183
1183 4777
4777 4297
4297 2899
2899 1948
1948 1045
1045 403
403 2145
2145 2003
2003 3519
3519 1833
1833 1507
1507 54
54 2917
2917 3540
3540 3577
3577 4586
4586 3166
3166 2689
2689 939
939 1750
1750 815
815 4338
4338 1035
1035 2767
2767 1432
1432 3518
3518 1080
1080 972
972 2541
2541 2405
2405 3157
3157 1838
1838 4517
4517 1638
1638 3862
3862 2612
2612 824
824 3803
3803 4484
4484 4123
4123 2236
2236 3078
3078 4233
4233 4932
4932 4816
4816 2388
2388 1785
1785 1545
1545 2555
2555 3804
3804 3766
3766 2034
2034 4728
4728 3938
3938 1847
1847 549
549 598
598 745
745 1977
1977 10
10 1073
1073 1954
1954 3985
3985 2305
2305 1866
1866 2094
2094 472
472 3171
3171 2501
2501 2654
2654 3846
3846 4305
4305 2825
2825 4645
4645 4863
4863 2799
2799 2969
2969 1675
1675 967
967 2265
2265 475
475 3091
3091 2620
2620 1128
1128 1138
1138 431
431 177
177 2575
2575 2631
2631 4079
4079 4193
4193 128
128 3779
3779 1325
1325 4818
4818 3746
3746 4814
4814 3197
3197 2804
2804 783
783 2900
2900 3756
3756 3770
3770 2653
2653 2991
2991 2063
2063 781
781 1173
1173 602
602 121
121 1508
1508 975
975 380
380 1870
1870 442
442 3267
3267 3936
3936 2618
2618 4103
4103 2111
2111 168
168 1357
1357 966
966 1889
1889 3554
3554 2149
2149 3306
3306 1772
1772 385
385 2469
2469 4770
4770 3752
3752 4479
4479 2928
2928 3303
3303 2449
2449 2242
2242 4030
4030 1874
1874 1950
1950 747
747 4078
4078 2519
2519 3997
3997 3204
3204 165
165 4242
4242 1328
1328 3111
3111 1363
1363 4910
4910 2450
2450 1753
1753 1191
1191 2083
2083 267
267 2960
2960 652
652 2886
2886 1986
1986 1617
1617 369
369 2023
2023 2775
2775 3452
3452 4347
4347 3761
3761 147
147 1702
1702 599
599 1351
1351 2947
2947 4605
4605 2313
2313 3563
3563 556
556 398
398 4443
4443 2527
2527 3820
3820 2667
2667 4614
4614 550
550 63
63 2946
2946 1347
1347 3748
3748 3085
3085 4634
4634 3973
3973 2841
2841 2979
2979 1204
1204 2470
2470 1751
1751 1248
1248 2259
2259 299
299 357
357 2045
2045 4317
4317 4573
4573 346
346 1505
1505 424
424 340
340 4345
4345 688
688 800
800 44
44 4121
4121 4355
4355 4881
4881 1340
1340 1254
1254 152
152 2525
2525 1633
1633 3447
3447 1497
1497 2452
2452 1727
1727 3304
3304 1012
1012 2550
2550 4794
4794 4186
4186 3014
3014 1746
1746 1966
1966 2784
2784 895
895 4431
4431 1121
1121 2333
2333 4225
4225 2939
2939 4934
4934 1224
1224 4649
4649 1640
1640 2763
2763 435
435 1618
1618 2117
2117 73
73 4395
4395 1359
1359 3668
3668 2314
2314 3702
3702 1126
1126 4422
4422 920
920 1622
1622 1322
1322 2047
2047 3244
3244 4565
4565 3867
3867 4476
4476 3740
3740 1583
1583 3319
3319 2891
2891 1694
1694 846
846 1938
1938 892
892 2985
2985 4933
4933 2898
2898 1996
1996 4797
4797 4709
4709 3654
3654 3529
3529 1705
1705 3005
3005 1717
1717 387
387 3461
3461 914
914 2218
2218 2133
2133 3099
3099 1855
1855 3294
3294 269
269 397
397 1607
1607 1669
1669 3057
3057 4751
4751 2066
2066 3822
3822 4620
4620 1879
1879 4998
4998 3497
3497 2175
2175 3947
3947 2566
2566 4578
4578 3298
3298 2710
2710 3612
3612 4090
4090 1880
1880 2866
2866 1992
1992 3571
3571 2873
2873 4146
4146 1812
1812 4891
4891 3805
3805 4304
4304 52
52 2601
2601 2614
2614 1478
1478 2107
2107 1331
1331 150
150 496
496 2602
2602 2056
2056 4269
4269 960
960 2108
2108 3611
3611 2168
2168 4831
4831 3791
3791 1061
1061 3646
3646 1807
1807 202
202 3426
3426 4166
4166 2521
2521 3216
3216 7
7 3192
3192 67
67 2116
2116 2355
2355 2987
2987 191
191 4630
4630 699
699 3618
3618 289
289 2046
2046 998
998 4157
4157 3060
3060 2484
2484 1928
1928 1906
1906 2256
2256 2184
2184 2079
2079 4165
4165 4122
4122 1257
1257 422
422 1281
1281 2643
2643 3905
3905 4307
4307 4706
4706 1533
1533 3535
3535 3852
3852 4343
4343 881
881 2342
2342 1406
1406 1358
1358 3408
3408 3137
3137 4582
4582 2396
2396 4353
4353 3173
3173 2904
2904 4488
4488 1884
1884 1516
1516 2633
2633 2203
2203 141
141 3172
3172 4813
4813 4039
4039 805
805 4320
4320 4093
4093 1571
1571 3266
3266 1798
1798 2844
2844 2990
2990 3460
3460 2166
2166 3674
3674 4175
4175 1699
1699 1058
1058 402
402 1920
1920 4119
4119 4847
4847 4328
4328 2986
2986 3801
3801 2114
2114 4118
4118 4203
4203 3316
3316 636
636 857
857 353
353 1075
1075 888
888 1162
1162 4259
4259 3690
3690 3323
3323 1001
1001 4357
4357 1157
1157 1526
1526 1362
1362 4410
4410 4445
4445 3223
3223 3718
3718 4499
4499 18
18 1888
1888 4299
4299 4003
4003 1374
1374 3386
3386 4762
4762 642
642 2853
2853 4369
4369 3413
3413 1134
1134 1587
1587 4053
4053 862
862 4197
4197 2506
2506 1189
1189 2789
2789 1226
1226 2401
2401 4075
4075 1223
1223 1481
1481 2596
2596 237
237 2788
2788 518
518 2680
2680 4648
4648 1741
1741 1486
1486 4220
4220 2798
2798 1542
1542 4100
4100 3178
3178 690
690 4358
4358 3707
3707 4701
4701 2077
2077 2626
2626 873
873 4250
4250 3424
3424 3470
3470 2425
2425 4775
4775 4635
4635 4342
4342 345
345 1074
1074 4995
4995 2673
2673 3802
3802 1485
1485 893
893 859
859 2093
2093 1576
1576 723
723 1899
1899 3552
3552 2119
2119 50
50 80
80 452
452 4363
4363 292
292 210
210 129
129 2932
2932 2371
2371 1978
1978 1301
1301 419
419 434
434 3576
3576 1072
1072 1563
1563 3774
3774 252
252 3782
3782 2713
2713 2353
2353 143
143 4245
4245 961
961 4433
4433 3506
3506 3600
3600 3309
3309 953
953 3827
3827 1
1 1829
1829 2366
2366 3067
3067 2206
2206 1848
1848 414
414 2393
2393 1383
1383 3285
3285 2287
2287 196
196 4510
4510 1808
1808 3968
3968 4658
4658 3744
3744 2039
2039 2814
2814 1840
1840 462
462 2573
2573 1471
1471 1646
1646 453
453 4841
4841 3749
3749 365
365 2980
2980 681
681 471
471 4313
4313 4205
4205 4509
4509 3887
3887 4615
4615 45
45 3431
3431 4508
4508 4832
4832 4213
4213 610
610 4945
4945 1234
1234 473
473 2278
2278 2952
2952 247
247 2019
2019 996
996 2835
2835 377
377 3033
3033 3488
3488 1503
1503 4940
4940 4846
4846 3467
3467 2530
2530 92
92 1450
1450 3227
3227 1671
1671 2930
2930 2316
2316 2091
2091 1216
1216 3344
3344 4735
4735 1493
1493 1169
1169 1896
1896 1077
1077 4391
4391 4989
4989 4150
4150 2448
2448 752
752 4300
4300 2432
2432 3534
3534 3662
3662 796
796 1976
1976 2331
2331 404
404 1732
1732 3270
3270 3000
3000 945
945 4623
4623 4287
4287 3115
3115 4937
4937 2786
2786 1373
1373 2303
2303 4035
4035 1656
1656 620
620 4808
4808 2291
2291 4501
4501 3282
3282 4822
4822 181
181 4917
4917 4898
4898 381
381 4177
4177 2062
2062 3768
3768 3496
3496 1927
1927 2167
2167 930
930 64
64 3894
3894 4563
4563 4681
4681 3599
3599 3087
3087 139
139 1553
1553 665
665 3924
3924 3495
3495 2609
2609 3010
3010 4087
4087 2018
2018 3036
3036 96
96 3237
3237 2478
2478 989
989 3302
3302 316
316 2273
2273 2924
2924 379
379 2666
2666 309
309 3404
3404 1826
1826 1261
1261 197
197 4576
4576 2890
2890 188
188 979
979 1678
1678 1188
1188 4505
4505 1198
1198 3347
3347 3338
3338 2582
2582 3902
3902 500
500 2604
2604 955
955 678
678 1461
1461 2586
2586 2186
2186 218
218 1775
1775 4423
4423 2267
2267 3604
3604 2532
2532 653
653 2173
2173 1197
1197 4325
4325 1127
1127 4403
4403 1723
1723 159
159 3446
3446 2760
2760 995
995 2415
2415 4032
4032 701
701 2726
2726 4622
4622 1150
1150 2126
2126 1739
1739 4033
4033 2994
2994 75
75 417
417 1670
1670 1831
1831 2178
2178 1667
1667 4590
4590 4162
4162 4845
4845 1865
1865 2791
2791 3395
3395 3838
3838 1615
1615 4676
4676 2855
2855 3584
3584 2281
2281 3337
3337 3114
3114 2650
2650 2823
2823 3008
3008 2031
2031 2156
2156 2783
2783 671
671 4664
4664 3550
3550 1452
1452 2881
2881 4160
4160 62
62 2431
2431 2323
2323 339
339 3069
3069 1441
1441 3696
3696 4088
4088 4104
4104 457
457 898
898 1548
1548 571
571 1924
1924 1084
1084 3179
3179 3435
3435 4540
4540 4184
4184 3209
3209 329
329 2025
2025 2354
2354 4362
4362 1033
1033 2888
2888 1285
1285 2818
2818 1103
1103 2910
2910 4968
4968 2812
2812 2896
2896 2984
2984 1735
1735 1771
1771 1335
1335 405
405 3429
3429 4747
4747 3615
3615 2239
2239 698
698 1440
1440 2848
2848 4858
4858 4451
4451 2142
2142 4285
4285 1203
1203 444
444 4750
4750 1521
1521 85
85 1825
1825 4310
4310 4883
4883 2649
2649 1586
1586 984
984 1733
1733 3082
3082 3649
3649 1230
1230 4757
4757 2956
2956 3560
3560 4719
4719 4460
4460 4606
4606 1000
1000 1673
1673 56
56 137
137 4231
4231 4836
4836 3053
3053 4521
4521 3001
3001 1211
1211 3727
3727 3574
3574 3660
3660 1055
1055 3407
3407 1834
1834 897
897 1244
1244 1737
1737 415
415 2621
2621 1027
1027 567
567 649
649 3427
3427 520
520 454
454 1036
1036 3253
3253 776
776 3982
3982 4840
4840 3785
3785 1530
1530 759
759 3433
3433 840
840 4314
4314 3307
3307 2520
2520 911
911 4778
4778 3619
3619 4108
4108 111
111 1589
1589 2805
2805 3490
3490 3927
3927 2196
2196 2092
2092 101
101 4597
4597 1947
1947 55
55 4102
4102 1339
1339 3177
3177 1021
1021 4496
4496 1148
1148 4229
4229 4200
4200 1921
1921 982
982 4613
4613 171
171 731
731 2430
2430 1547
1547 1207
1207 1696
1696 2352
2352 4716
4716 4206
4206 4271
4271 2999
2999 4946
4946 4665
4665 3787
3787 1400
1400 3580
3580 4682
4682 3466
3466 3317
3317 3430
3430 78
78 1160
1160 4976
4976 2820
2820 2700
2700 559
559 4073
4073 3002
3002 3957
3957 4045
4045 4174
4174 4712
4712 1557
1557 3456
3456 3781
3781 4678
4678 1810
1810 2199
2199 112
112 2372
2372 503
503 1318
1318 286
286 2698
2698 3691
3691 290
290 925
925 336
336 4014
4014 1310
1310 1170
1170 1824
1824 4912
4912 1286
1286 351
351 1491
1491 875
875 4397
4397 3131
3131 120
120 259
259 3923
3923 4511
4511 3479
3479 2005
2005 3962
3962 3023
3023 3376
3376 2746
2746 3603
3603 2394
2394 2528
2528 1674
1674 2655
2655 1308
1308 1764
1764 3617
3617 1691
1691 1371
1371 2343
2343 4833
4833 725
725 810
810 296
296 2675
2675 4179
4179 4761
4761 1202
1202 819
819 3628
3628 637
637 1446
1446 1384
1384 4887
4887 226
226 439
439 3991
3991 3196
3196 2426
2426 330
330 319
319 870
870 6
6 2417
2417 891
891 802
802 29
29 1693
1693 4990
4990 4795
4795 505
505 3958
3958 4194
4194 3930
3930 14
14 4417
4417 889
889 3318
3318 4428
4428 772
772 3742
3742 4180
4180 2651
2651 2128
2128 3929
3929 2663
2663 3595
3595 4236
4236 1664
1664 2972
2972 1237
1237 1649
1649 399
399 83
83 502
502 3810
3810 1620
1620 4527
4527 3760
3760 2491
2491 970
970 3094
3094 2757
2757 1154
1154 4552
4552 1068
1068 3260
3260 1774
1774 3739
3739 2345
2345 3383
3383 4393
4393 375
375 3689
3689 515
515 1368
1368 4638
4638 3632
3632 4796
4796 794
794 806
806 758
758 2557
2557 4442
4442 3354
3354 2647
2647 2212
2212 1472
1472 4107
4107 2883
2883 3393
3393 2718
2718 4955
4955 4708
4708 2512
2512 4195
4195 3556
3556 1841
1841 1457
1457 4168
4168 4885
4885 1246
1246 1582
1582 1518
1518 4235
4235 2315
2315 3258
3258 3963
3963 1614
1614 2423
2423 4333
4333 4610
4610 59
59 1476
1476 884
884 2645
2645 4334
4334 3797
3797 3743
3743 1796
1796 79
79 3794
3794 1726
1726 3351
3351 264
264 1999
1999 3277
3277 835
835 2406
2406 2694
2694 2868
2868 2811
2811 4942
4942 2641
2641 2845
2845 349
349 2419
2419 3142
3142 3226
3226 3648
3648 205
205 3056
3056 126
126 3758
3758 912
912 1049
1049 4693
4693 4579
4579 4105
4105 3526
3526 4359
4359 1209
1209 4699
4699 4598
4598 3859
3859 3235
3235 116
116 294
294 4941
4941 1655
1655 99
99 2697
2697 763
763 524
524 1886
1886 1104
1104 2382
2382 1536
1536 948
948 3021
3021 2080
2080 4037
4037 1366
1366 3688
3688 3493
3493 4543
4543 3185
3185 3587
3587 4001
4001 4209
4209 3614
3614 658
658 3501
3501 4318
4318 993
993 4748
4748 754
754 1272
1272 2959
2959 162
162 2907
2907 2729
2729 2826
2826 1253
1253 2514
2514 2189
2189 4672
4672 46
46 2742
2742 1523
1523 3168
3168 880
880 587
587 650
650 4680
4680 1199
1199 4331
4331 1403
1403 576
576 2982
2982 3123
3123 2536
2536 1064
1064 4497
4497 2882
2882 2456
2456 2129
2129 427
427 4216
4216 2942
2942 4142
4142 2322
2322 670
670 4058
4058 1111
1111 750
750 3863
3863 950
950 1141
1141 1235
1235 1513
1513 1494
1494 1010
1010 355
355 4869
4869 1725
1725 2758
2758 3239
3239 1885
1885 4935
4935 2244
2244 2561
2561 413
413 666
666 4918
4918 1800
1800 764
764 719
719 1681
1681 3075
3075 1711
1711 1524
1524 3229
3229 488
488 545
545 3943
3943 1117
1117 2716
2716 3263
3263 3517
3517 4532
4532 148
148 2884
2884 217
217 2692
2692 2770
2770 4159
4159 3492
3492 3202
3202 673
673 31
31 2471
2471 1405
1405 1456
1456 2591
2591 3621
3621 936
936 2630
2630 307
307 3187
3187 3605
3605 104
104 1892
1892 1913
1913 2684
2684 850
850 1573
1573 3823
3823 495
495 3380
3380 746
746 3716
3716 1919
1919 2179
2179 1901
1901 2264
2264 546
546 485
485 2608
2608 1291
1291 2070
2070 624
624 1585
1585 61
61 117
117 175
175 707
707 2864
2864 4455
4455 3856
3856 2802
2802 2424
2424 2257
2257 3305
3305 513
513 644
644 2806
2806 3786
3786 1303
1303 1504
1504 2792
2792 4405
4405 4674
4674 4692
4692 4190
4190 1419
1419 2328
2328 3336
3336 4116
4116 727
727 4202
4202 482
482 2988
2988 2912
2912 4909
4909 4040
4040 951
951 304
304 718
718 3047
3047 4420
4420 3225
3225 2414
2414 4752
4752 4539
4539 4702
4702 3638
3638 3530
3530 4791
4791 3504
3504 4491
4491 2551
2551 185
185 2368
2368 1024
1024 1718
1718 611
611 907
907 2540
2540 3405
3405 790
790 3541
3541 1051
1051 1745
1745 4321
4321 19
19 3384
3384 4823
4823 3877
3877 3602
3602 251
251 1597
1597 2660
2660 4143
4143 4686
4686 57
57 4350
4350 2737
2737 2060
2060 4953
4953 1289
1289 153
153 2937
2937 4902
4902 885
885 4154
4154 4189
4189 178
178 1742
1742 1277
1277 1944
1944 3381
3381 1625
1625 3367
3367 146
146 4888
4888 2350
2350 2183
2183 3255
3255 145
145 2445
2445 514
514 3151
3151 1578
1578 2572
2572 2001
2001 464
464 4017
4017 2672
2672 2198
2198 1107
1107 3415
3415 2724
2724 1758
1758 1146
1146 4584
4584 328
328 2197
2197 4787
4787 3597
3597 3170
3170 775
775 3879
3879 2895
2895 2598
2598 2926
2926 4264
4264 978
978 4866
4866 4095
4095 4
4 4963
4963 1082
1082 3249
3249 4027
4027 4815
4815 793
793 3261
3261 2827
2827 3013
3013 3949
3949 4857
4857 4294
4294 1595
1595 287
287 331
331 219
219 3035
3035 372
372 4421
4421 2859
2859 1631
1631 3598
3598 1703
1703 3169
3169 2772
2772 1221
1221 1819
1819 1350
1350 2958
2958 2831
2831 4575
4575 779
779 1177
1177 3593
3593 310
310 3334
3334 2822
2822 1106
1106 4477
4477 530
530 4311
4311 230
230 3842
3842 1657
1657 4834
4834 3073
3073 941
941 4124
4124 538
538 4580
4755 4834
2494 1849
2252 2494
2444 4124
2738 3212
4880 2252
494 2494
2817 4880
3824 1282
206 2222
2523 3824
2605 3824
2580 2639
2607 206
2847 1879
3832 4092
618 3832
4434 3469
1249 1948
729 3832
1060 729
2038 4305
86 729
459 4834
787 459
2348 2038
4044 2922
3494 787
201 3583
2110 3961
3697 3092
4158 2110
774 2110
1610 392
4890 2110
4784 1610
1231 1610
4759 1610
3686 1610
1316 4784
4360 295
324 1675
3544 2178
4867 3906
2734 4867
4131 3794
997 26
1389 4867
1747 4131
4210 3128
980 1389
3485 1747
871 3485
2234 3956
4372 1322
1131 871
1930 4372
3059 4702
2777 4372
429 3059
1078 429
3153 1930
1957 2679
4425 3749
4096 1078
887 3272
2043 2202
1206 1265
4523 4597
3330 166
3438 4523
4266 4508
157 3330
1054 3330
1550 3438
3444 1550
877 4266
4322 3444
4340 1843
1853 1338
1468 4340
696 4340
3513 4322
3933 2625
27 2130
845 3513
3589 4673
1627 4196
1722 2772
2042 625
2507 3589
3022 1986
757 3022
2248 3759
2109 3022
4920 757
969 1505
3436 2248
4489 4025
2337 4920
3854 4681
2325 2313
4943 4250
1983 1657
632 558
2208 3037
3313 4620
1811 1995
2191 3823
4493 3313
4916 139
4988 610
4873 4512
4766 1387
3368 4916
4670 4873
4595 4988
4281 1629
1100 4470
977 4595
115 4595
563 977
3888 4053
2304 67
3811 3888
3201 2801
3844 3811
724 3888
333 3844
4820 4064
449 4820
2361 4552
2358 4820
2227 2358
4319 449
4060 1521
1958 3214
144 1958
2793 4678
3252 144
2347 144
918 356
3975 3558
1975 263
4034 918
1850 2347
2878 2435
612 2878
2668 4034
4302 2878
1734 1850
3705 4519
1190 3157
1835 3742
4464 1190
2192 2340
2954 1190
3130 1835
2722 1940
2935 2031
1034 2096
2115 286
291 2722
1608 4923
2875 2935
1539 4323
1427 1539
3532 3466
2606 2875
798 1087
3048 452
1566 2606
1770 3532
2118 1616
1555 4163
4475 1555
407 1566
4144 2118
3164 407
2041 775
1329 4475
3547 1400
3687 310
489 3687
3964 3721
4429 4951
1294 3687
1164 1294
2993 2026
1336 2971
1376 2993
590 1294
2708 2993
2828 2459
1136 1371
778 590
4029 2708
4636 826
2341 1136
2970 4029
1186 2750
499 4629
4596 2970
28 2970
1213 2613
867 3661
3477 4951
3754 3242
1180 732
2324 1213
2517 1180
848 2228
2522 1180
517 3935
3858 2324
965 2517
4962 3858
2499 965
1743 1409
1194 2680
2919 4962
3139 4492
983 4018
2567 1743
483 2984
2505 3139
4806 2957
4330 483
3077 3042
4655 483
2061 2505
2171 2061
1382 3077
4767 3077
2194 3880
4041 3782
4594 799
2356 4767
3399 2356
1086 4041
4125 2356
2944 2198
3268 2198
4050 3398
3909 2552
533 4050
282 2220
41 533
2819 533
180 41
1805 282
4842 2980
584 3597
37 180
279 37
2138 3514
156 4685
2022 584
3110 37
2332 3680
3482 2022
4348 156
1687 3953
2200 3772
4550 4689
3747 4550
3993 150
3966 2200
373 4333
2730 373
1998 2084
1606 2730
2576 373
664 2730
1994 1024
4905 1338
1522 664
4181 1994
456 1522
3029 1994
3918 365
4112 3029
4531 4181
4427 3029
4528 539
2258 3918
4402 1356
1233 4427
3866 4402
692 2258
3850 178
3006 692
2648 3173
2515 3866
4906 2515
2036 411
2223 2515
3656 3659
4126 3211
906 2278
1302 4014
1991 3023
3416 3656
3102 3942
2185 1302
1219 3416
2498 12
847 2185
645 847
1047 847
3722 645
2044 1047
3940 847
1959 1649
4449 392
135 4937
1119 3437
2292 3940
4478 2292
4904 4478
3345 2566
3411 2292
2569 4904
1369 364
2397 2920
4010 2569
4679 945
3736 2397
741 2397
4182 4010
4401 1264
844 3736
3505 741
3174 1461
3027 4401
1439 3978
4756 315
4199 4756
2205 4180
2359 2070
2383 3963
1279 2359
249 1279
4811 2359
4763 2383
4506 4721
220 4763
1085 628
3675 4811
1558 3852
2492 1899
675 3675
4056 4479
1654 1434
4249 675
2781 1058
1070 3671
4984 2781
3588 4984
2617 112
804 1070
2877 804
4004 3588
2834 3588
3425 2617
2373 3186
4000 4004
2977 3871
2177 2834
4893 2177
69 2177
3549 2177
894 1676
2677 3440
974 69
2687 3549
2943 2687
4498 974
2320 829
3643 944
358 4645
3086 2108
1911 3150
2124 152
2945 3795
1153 2557
3134 3641
2735 2945
1354 2124
1929 2735
326 1153
2690 2173
2443 1354
4633 4502
1801 4098
2122 2443
195 2122
2902 2122
686 2122
2268 2453
1546 4960
3959 2268
1630 686
4921 769
1567 3488
2057 1630
3695 1630
627 3695
4574 2331
1659 417
1661 1266
770 627
376 1661
864 2770
1871 864
4385 665
3955 1045
613 3235
1470 3637
4895 3413
999 992
1449 1470
4589 1985
123 4895
519 999
2927 519
2688 2927
3928 3681
1166 2927
4783 2688
1768 1318
1561 994
1292 4783
65 3661
4336 1561
3152 899
4599 4810
2813 4599
3919 2262
1942 4336
1961 4599
3121 1977
2351 3121
288 1942
2931 2119
3719 1010
1498 694
490 3719
4656 1239
3724 1498
3058 1210
655 490
8 723
138 3724
2180 3058
321 3058
2681 655
4241 3355
600 321
1044 4241
2486 4861
1579 1044
3349 1044
1415 4935
935 1044
1890 2884
235 4800
4524 3088
4308 1890
2010 340
4555 2381
3652 855
809 3652
2701 876
4562 2010
589 1798
276 3233
4807 276
362 276
710 276
2086 650
1799 2193
3698 1978
1018 1799
1916 572
1713 3698
272 1713
2704 3401
4486 299
4980 1713
2170 4408
378 4294
1773 4486
2416 4147
3606 378
2963 2170
1637 2636
1997 779
2477 2428
1179 3606
547 3914
614 2477
4469 1385
3725 3290
3564 82
3620 3564
2297 4469
2795 4159
534 2795
4127 4797
1872 3620
4380 534
2488 4127
2146 534
3999 4826
124 4283
3972 3999
1252 4091
3950 124
4776 3950
3642 3995
2030 4776
3331 902
3364 2629
451 4472
663 3317
2162 3364
4703 663
2665 2773
4860 2665
1360 1362
3361 1764
354 182
1581 937
3238 354
3712 2273
1241 131
3629 3712
4696 3238
4007 2839
1030 4837
3098 4696
991 3098
4744 991
4788 991
4948 4162
2076 2864
3203 3464
1707 1283
828 4788
4341 1577
2081 826
2211 36
1076 2211
1650 2211
3299 1076
2346 263
823 3299
2535 3299
3890 2535
2472 2535
1433 2346
1982 4664
4316 3020
2144 2012
3708 4316
2447 4316
4463 4316
4642 2447
231 2563
2384 4989
1346 389
3672 4790
1337 231
2339 231
3789 1337
1766 2339
242 3573
548 2914
1759 3789
3419 3516
4487 1766
808 4487
1565 808
33 3419
1969 33
555 3358
963 916
3592 1211
3141 963
2880 1969
1158 3592
865 1158
4907 3592
1168 1158
4798 9
93 4798
4588 1168
4002 3208
4185 4780
2863 1795
1453 4588
2245 171
2434 3785
2568 753
832 2568
2635 2245
700 2568
1330 601
1227 700
4161 2635
2250 4781
3327 1170
4956 4627
1972 2770
3590 1972
1196 1933
4303 1972
1396 2181
1029 2751
3207 3590
2105 1196
2224 3676
1445 2364
2188 1445
4952 3207
1864 4952
4928 1445
2409 4928
2553 1864
2363 4584
2964 2633
1520 2964
428 2964
3190 3374
1946 4277
2087 1520
4399 3190
4577 3432
1367 1946
3849 4253
1949 4438
1443 4399
308 4924
2642 1443
3108 139
2464 3108
4015 2533
72 2642
127 4157
4851 4471
1509 240
643 4851
2390 3384
1300 643
3843 2633
3397 474
2590 3255
3780 4570
2546 3843
3055 3397
3667 3780
4715 3780
2998 3167
4067 4715
446 2998
2055 4691
476 2709
1541 2998
557 476
820 3791
2071 820
1634 1541
3965 1541
2317 3965
293 820
773 3434
1817 866
542 853
448 773
3428 448
2615 4931
2160 3464
2413 2160
2495 3428
265 1616
1097 3738
3960 1097
4991 2413
190 4141
2721 3528
2745 305
367 2721
1827 2721
1344 190
1721 1827
1109 367
827 1344
577 1827
2578 577
1496 2578
2559 577
208 3267
4558 208
374 4558
2509 4558
3246 4964
3510 374
2579 3682
4290 2509
273 2509
4115 987
2821 3820
1155 4234
1341 4290
3296 1155
3596 3131
2674 4866
4973 1155
250 4973
1499 3296
338 4973
3119 892
791 250
4753 3973
3757 4076
2490 338
3630 2490
3070 791
2231 802
430 2300
3032 3070
3561 4383
1686 94
4309 3032
3287 2274
4375 2797
1706 3287
4743 671
2271 4309
2511 4743
3339 2511
241 421
708 4743
1816 953
2968 1424
3274 1816
4072 485
3132 4072
1574 3132
207 129
2771 3132
3788 2197
3071 2771
1003 17
3625 3516
4801 1632
3915 3788
1401 1003
1391 1003
4452 2510
3378 4801
4688 3378
4456 3378
4059 2761
504 3378
342 4688
2391 4456
1118 2391
1653 4059
1500 342
2176 212
4977 2391
954 39
3489 954
2067 4977
406 1894
562 2531
4278 3650
4542 3489
66 4278
1483 4542
2997 562
946 1483
4224 1483
1790 2692
2938 4438
3138 4357
1609 2399
1600 4224
3970 3545
4592 986
4514 4995
3096 4592
706 2729
733 2489
4541 733
2865 4541
949 2865
4086 2865
3116 4541
4812 3011
4254 2865
225 949
4221 4812
1451 2597
4549 1451
2796 3766
669 1024
3061 1451
3684 286
4667 3061
3396 3061
3293 3439
2627 3061
1416 496
1240 2627
2299 2007
762 3293
4082 2627
4644 2299
4110 2126
4070 762
3524 4110
3215 3524
580 3524
766 4110
3180 766
1974 3180
1195 4609
4971 580
3783 1195
3990 1820
674 1974
2830 3783
4874 3433
1020 4874
3221 3488
2089 91
1564 4139
2858 3221
4612 4354
1147 4295
1165 3645
582 1323
586 1209
1193 582
2395 1165
3124 1193
2017 717
3342 1267
3275 2017
2764 15
3895 1232
3210 4494
1867 3275
363 3895
1455 466
1228 363
2537 3323
1551 1455
3869 3519
4522 1551
4650 3308
2504 4650
737 120
3575 2732
1708 3575
4262 953
3340 2321
3567 2302
3083 2948
3325 1708
2152 2581
3512 4772
1806 3512
3371 3083
275 2152
1269 4995
2594 3200
1692 1269
1317 1692
3109 2594
4587 3109
4483 1912
2427 4839
4683 531
523 4683
4440 4483
526 2851
594 1113
3442 2184
4559 4058
3998 3442
3049 3082
366 1175
2480 1941
3523 366
3840 4389
1789 2480
20 811
3685 1789
2082 1793
566 2082
2897 649
3474 3085
2247 4865
2437 3474
4704 566
3455 2437
1484 52
2529 2247
2624 1484
4738 2624
3024 890
233 496
2867 4738
3148 3939
3140 3024
3553 2145
3784 4416
477 3140
816 2126
2002 816
1851 477
493 1851
2360 3644
910 4964
4949 4495
2513 4949
2085 2360
3792 4505
507 2085
2508 1914
2829 1814
3321 507
88 2829
4782 2508
3515 88
3907 505
2157 4782
3767 4092
3125 4782
3847 3767
4140 3847
4036 2608
928 59
3213 4036
4217 3213
825 4217
327 4036
2101 825
2893 3213
3377 2893
3992 606
2810 3377
4828 3377
3145 4494
2289 3145
2455 55
684 3145
3478 2455
1813 2063
4152 1813
3908 502
4013 4152
4414 4966
4228 4152
1897 1954
3189 4414
537 3540
3582 1948
1065 1897
2996 1065
883 2996
1005 2996
3256 3003
2004 1388
3578 883
4593 3256
661 1513
4024 2644
3609 2608
874 4024
216 874
4646 1273
919 4646
1474 3609
3359 1007
2723 216
4632 1474
1887 4632
3391 4632
861 4632
1685 4632
3819 4632
1063 1730
1124 3391
2260 3085
1392 3819
