100 100
67 66
66 42
42 71
71 97
97 99
99 93
93 89
89 37
37 84
84 9
9 90
90 20
20 77
77 95
95 60
60 7
7 73
73 11
11 29
29 78
78 64
64 35
35 31
31 18
18 82
82 47
47 96
96 19
19 21
21 51
51 43
43 68
68 67
25 43
12 71
22 99
41 43
53 95
2 25
57 2
85 53
26 2
55 66
80 26
56 47
38 64
8 56
86 89
98 56
69 86
74 38
76 8
5 42
10 66
49 7
72 49
52 10
100 72
62 72
46 60
16 62
75 100
81 84
88 75
94 60
34 75
87 34
91 20
59 71
23 7
40 89
48 37
58 60
65 99
32 58
33 40
83 58
44 47
28 43
24 60
13 73
63 13
17 28
50 63
4 50
14 17
45 19
61 84
15 78
36 19
79 15
6 15
1 42
27 77
92 79
54 90
70 92
3 82
39 3
30 99
