5000 4999
4769 3526
3471 4769
171 4769
898 3471
3905 3471
3763 171
4446 171
1578 898
4304 898
2233 3905
1356 3905
1939 3763
3615 3763
4230 4446
2753 4446
2986 1578
2640 1578
46 4304
4670 4304
971 2233
4161 2233
4382 1356
338 1356
35 1939
3517 1939
2709 3615
3688 3615
3918 4230
4065 4230
4491 2753
563 2753
1670 2986
2248 2986
3089 2640
382 2640
3949 46
3304 46
3296 4670
2867 4670
4129 971
3771 971
4329 4161
1817 4161
2507 4382
3909 4382
2052 338
1805 338
2410 35
2599 35
410 3517
65 3517
3598 2709
3424 2709
1150 3688
2680 3688
2916 3918
2702 3918
4562 4065
1228 4065
2748 4491
3017 4491
3907 563
1730 563
4408 1670
237 1670
2059 2248
1699 2248
4824 3089
3440 3089
1475 382
3854 382
1682 3949
333 3949
4863 3304
892 3304
3249 3296
1756 3296
4117 2867
1897 2867
3006 4129
703 4129
3893 3771
4067 3771
1065 4329
3864 4329
1481 1817
4185 1817
1143 2507
3442 2507
3882 3909
1777 3909
4899 2052
2915 2052
4159 1805
1467 1805
1020 2410
3386 2410
3775 2599
2541 2599
1401 410
2352 410
4220 65
1833 65
680 3598
3853 3598
1359 3424
4895 3424
3643 1150
656 1150
4186 2680
3078 2680
1106 2916
408 2916
4291 2702
708 2702
1583 4562
3452 4562
1286 1228
4954 1228
1623 2748
2945 2748
3525 3017
3224 3017
4353 3907
217 3907
510 1730
1769 1730
1374 4408
178 4408
2240 237
2166 237
1567 2059
4039 2059
686 1699
829 1699
3465 4824
1494 4824
922 3440
2982 3440
4343 1475
4749 1475
3983 3854
3495 3854
4557 1682
362 1682
1244 333
843 333
1023 4863
2931 4863
3969 892
4847 892
3172 3249
4277 3249
3927 1756
3190 1756
937 4117
3946 4117
1116 1897
2245 1897
2015 3006
4687 3006
4725 703
425 703
3547 3893
1637 3893
1632 4067
2816 4067
3874 1065
1064 1065
1965 3864
1415 3864
1462 1481
3715 1481
1776 4185
369 4185
2898 1143
235 1143
783 3442
1309 3442
4984 3882
876 3882
1101 1777
1466 1777
1727 4899
174 4899
4760 2915
2519 2915
1732 4159
3576 4159
3835 1467
2265 1467
694 1020
3654 1020
2080 3386
3430 3386
2825 3775
4114 3775
1860 2541
2888 2541
1949 1401
4368 1401
2301 2352
588 2352
4877 4220
679 4220
726 1833
4857 1833
2243 680
3704 680
1989 3853
4314 3853
2409 1359
2823 1359
287 4895
3421 4895
2404 3643
1618 3643
1235 656
933 656
3793 4186
2172 4186
805 3078
3338 3078
2441 1106
2270 1106
2116 408
904 408
4949 4291
2683 4291
1233 708
1426 708
2776 1583
407 1583
2845 3452
2302 3452
1493 1286
1335 1286
2512 4954
987 4954
4819 1623
273 1623
838 2945
2314 2945
3535 3525
2729 3525
4064 3224
3824 3224
3090 4353
1923 4353
1785 217
2795 217
3478 510
3857 510
728 1769
4188 1769
249 1374
716 1374
2486 178
3833 178
4131 2240
3582 2240
199 2166
2196 2166
505 1567
4838 1567
4545 4039
432 4039
4093 686
4865 686
4885 829
4173 829
1591 3465
4890 3465
3830 1494
470 1494
4414 922
4399 922
633 2982
2227 2982
4722 4343
2211 4343
2746 4749
2920 4749
3799 3983
3825 3983
2502 3495
4022 3495
4925 4557
2742 4557
4880 362
1018 362
2017 1244
3693 1244
3266 843
2987 843
4524 1023
246 1023
2747 2931
1794 2931
79 3969
1002 3969
40 4847
2631 4847
1400 3172
1651 3172
4142 4277
1198 4277
93 3927
3321 3927
503 3190
2874 3190
2596 937
1823 937
1133 3946
4257 3946
3895 1116
781 1116
1164 2245
4610 2245
3204 2015
4465 2015
1679 4687
4937 4687
447 4725
4582 4725
4035 425
4678 425
2290 3547
1114 3547
3504 1637
3469 1637
609 1632
1303 1632
162 2816
985 2816
912 3874
3258 3874
1365 1064
4488 1064
1593 1965
1372 1965
1003 1415
2020 1415
3970 1462
4259 1462
4388 3715
4497 3715
5000 1776
612 1776
4360 369
2478 369
4041 2898
4967 2898
3389 235
1193 235
1028 783
2632 783
3341 1309
3443 1309
391 4984
2981 4984
3586 876
1334 876
3087 1101
2378 1101
53 1466
4694 1466
1791 1727
2380 1727
3566 174
4195 174
280 4760
2592 4760
4327 2519
1526 2519
1831 1732
623 1732
4871 3576
2093 3576
1234 3835
925 3835
97 2265
4433 2265
3136 694
3508 694
1716 3654
4309 3654
1255 2080
3502 2080
4444 3430
3792 3430
4692 2825
542 2825
2026 4114
1577 4114
4811 1860
701 1860
3584 2888
129 2888
3880 1949
4476 1949
852 4368
2538 4368
1021 2301
3808 2301
1265 588
2273 588
4528 4877
923 4877
3092 679
3548 679
225 726
3722 726
1685 4857
771 4857
1297 2243
3563 2243
1035 3704
2979 3704
4194 1989
2853 1989
2909 4314
2959 4314
3265 2409
31 2409
3840 2823
3281 2823
3514 287
3682 287
1194 3421
2710 3421
3297 2404
1208 2404
3866 1618
1555 1618
1540 1235
3155 1235
1726 933
2394 933
1722 3793
2222 3793
4498 2172
2009 2172
3433 805
2532 805
4781 3338
4307 3338
3466 2441
1145 2441
2058 2270
875 2270
2755 2116
1320 2116
1460 904
692 904
2607 4949
368 4949
1319 2683
2236 2683
276 1233
3174 1233
3885 1426
896 1426
2333 2776
866 2776
4350 407
1576 407
2524 2845
1383 2845
3858 2302
3171 2302
26 1493
3873 1493
950 1335
4158 1335
2868 2512
3298 2512
1089 987
2391 987
2023 4819
2331 4819
811 273
2154 273
1580 838
1757 838
1181 2314
2106 2314
3790 3535
4893 3535
516 2729
906 2729
2595 4064
4512 4064
3540 3824
4187 3824
2942 3090
3834 3090
4042 1923
3811 1923
1525 1785
4096 1785
770 2795
367 2795
100 3478
2244 3478
4074 3857
1669 3857
2250 728
2726 728
4401 4188
1688 4188
219 249
3658 249
3604 716
319 716
2283 2486
776 2486
1926 3833
2343 3833
1212 4131
1161 4131
1514 3582
3019 3582
2476 199
737 199
4221 2196
1061 2196
3352 505
2614 505
359 4838
2037 4838
165 4545
1254 4545
938 432
2150 432
1103 4093
105 4093
2856 4865
4169 4865
986 4885
535 4885
1322 4173
4975 4173
874 1591
3383 1591
4218 4890
4980 4890
3012 3830
2935 3830
2160 470
2242 470
2011 4414
4234 4414
2613 4399
1279 4399
3785 633
2162 633
2095 2227
803 2227
669 4722
3877 4722
2543 2211
441 2211
1774 2746
1810 2746
4915 2920
3222 2920
3772 3799
2780 3799
3023 3825
1278 3825
2483 2502
4214 2502
1323 4022
821 4022
4508 4925
245 4925
2515 2742
220 2742
3139 4880
4300 4880
3951 1018
2117 1018
1084 2017
14 2017
586 3693
1190 3693
796 3266
3762 3266
4729 2987
1118 2987
402 4524
4977 4524
869 246
657 246
4681 2747
3878 2747
4745 1794
4133 1794
4884 79
652 79
3850 1002
755 1002
1454 40
3073 40
3027 2631
3597 2631
4624 1400
2740 1400
1509 1651
2389 1651
1920 4142
214 4142
4599 1198
591 1198
1883 93
3816 93
1506 3321
4595 3321
1038 503
1075 503
3473 2874
824 2874
4596 2596
2954 2596
936 1823
1786 1823
1822 1133
4406 1133
4979 4257
4883 4257
3256 3895
1043 3895
4137 781
3435 781
2332 1164
3074 1164
2720 4610
4341 4610
813 3204
4503 3204
742 4465
3127 4465
2041 1679
2043 1679
2506 4937
3668 4937
167 447
1285 447
1581 4582
4020 4582
4552 4035
4784 4035
2941 4678
491 4678
4412 2290
2869 2290
3454 1114
4216 1114
278 3504
2846 3504
3543 3469
4727 3469
3761 609
398 609
4843 1303
4917 1303
3040 162
3467 162
1666 985
4232 985
4553 912
4930 912
4708 3258
1550 3258
2457 1365
3274 1365
2124 4488
3038 4488
3138 1593
1107 1593
4164 1372
3562 1372
3201 1003
1111 1003
243 2020
492 2020
1422 3970
1155 3970
215 4259
4085 4259
3942 4388
3496 4388
4510 4497
3718 4497
4741 5000
2815 5000
626 612
4393 612
2351 4360
1652 4360
1541 2478
3911 2478
1973 4041
721 4041
2719 4967
1921 4967
1152 3389
690 3389
311 1193
3199 1193
2091 1028
4916 1028
121 2632
3546 2632
2531 3341
2133 3341
1376 3443
4641 3443
1427 391
3592 391
3859 2981
1231 2981
4046 3586
3848 3586
4535 1334
1049 1334
2741 3087
533 3087
1355 2378
4986 2378
349 53
2765 53
871 4694
2300 4694
253 1791
3029 1791
1351 2380
1266 2380
1530 3566
2505 3566
1457 4195
3813 4195
2936 280
3143 280
4629 2592
3305 2592
3780 4327
1033 4327
1045 1526
4990 1526
1083 1831
3794 1831
1283 623
1308 623
3360 4871
1674 4871
3290 2093
4911 2093
3326 1234
1867 1234
2770 925
687 925
485 97
2796 97
2442 4433
4762 4433
638 3136
4484 3136
2257 3508
1485 3508
2583 1716
4886 1716
3375 4309
3999 4309
2365 1255
365 1255
889 3502
1696 3502
2834 4444
4052 4444
2199 3792
2958 3792
1325 4692
115 4692
1156 542
1419 542
434 2026
3932 2026
698 1577
2876 1577
3331 4811
2618 4811
2957 701
4982 701
1224 3584
1865 3584
2792 129
808 129
4037 3880
766 3880
1187 4476
419 4476
1109 852
2358 852
2396 2538
2883 2538
4853 1021
1846 1021
3104 3808
3797 3808
3513 1265
120 1265
2296 2273
4478 2273
23 4528
8 4528
1310 923
3529 923
3332 3092
1175 3092
2126 3548
4586 3548
2135 225
1256 225
3168 3722
1800 3722
3867 1685
4854 1685
3350 771
4846 771
568 1297
1729 1297
409 3563
2566 3563
2012 1035
890 1035
2228 2979
411 2979
3638 4194
4043 4194
1411 2853
3554 2853
4233 2909
654 2909
3967 2959
1433 2959
2873 3265
2932 3265
3348 31
3530 31
4280 3840
4633 3840
4909 3281
2171 3281
2482 3514
4265 3514
2971 3682
4162 3682
330 1194
1492 1194
3564 2710
3700 2710
603 3297
2400 3297
2518 1208
4933 1208
233 3866
1941 3866
4840 1555
2537 1555
2143 1540
926 1540
1861 3155
4340 3155
114 1726
736 1726
4696 2394
2800 2394
1779 1722
3223 1722
826 2222
3661 2222
2548 4498
3657 4498
1956 2009
3316 2009
1925 3433
3157 3433
991 2532
4107 2532
2374 4781
4236 4781
3735 4307
2067 4307
4198 3466
2609 3466
1546 1145
2665 1145
4424 2058
67 2058
1245 875
4604 875
2194 2755
1480 2755
970 1320
2545 1320
3964 1460
4462 1460
2321 692
4827 692
1022 2607
707 2607
2652 368
4785 368
2406 1319
929 1319
759 2236
4600 2236
4506 276
3391 276
3216 3174
403 3174
738 3885
579 3885
325 896
4001 896
981 2333
3606 2333
1006 866
747 866
3464 4350
749 4350
2485 1576
2929 1576
3445 2524
2045 2524
3684 1383
4389 1383
4013 3858
3102 3858
4403 3171
2785 3171
4806 26
807 26
119 3873
4537 3873
2038 950
3130 950
4317 4158
3872 4158
678 2868
4923 2868
3178 3298
3801 3298
4394 1089
1423 1089
1852 2391
2450 2391
4534 2023
2732 2023
2737 2331
1974 2331
951 811
2434 811
3016 2154
1168 2154
4704 1580
4170 1580
4532 1757
152 1757
1464 1181
1330 1181
4776 2106
107 2106
750 3790
907 3790
1940 4893
1151 4893
2973 516
4428 516
4956 906
4189 906
2833 2595
279 2595
2706 4512
541 4512
1587 3540
2383 3540
3675 4187
4514 4187
2789 2942
3845 2942
4409 3834
4175 3834
188 4042
4130 4042
2848 3811
1955 3811
853 1525
208 1525
671 4096
1221 4096
3904 770
4720 770
556 367
2164 367
2206 100
1675 100
989 2244
1495 2244
504 4074
1929 4074
3133 1669
3187 1669
4429 2250
2136 2250
2357 2726
1904 2726
15 4401
3144 4401
1788 1688
3024 1688
68 219
3462 219
2384 3658
2924 3658
3280 3604
2318 3604
2458 319
2175 319
4770 2283
2036 2283
3398 776
1873 776
725 1926
3737 1926
974 2343
2303 2343
1995 1212
3363 1212
4463 1161
4480 1161
797 1514
1024 1514
4608 3019
3342 3019
4245 2476
3105 2476
2511 737
1146 737
141 4221
3852 4221
713 1061
2628 1061
1205 3352
4897 3352
3284 2614
269 2614
1169 359
4328 359
4086 2037
329 2037
3956 165
4472 165
2887 1254
2125 1254
1316 938
2552 938
2534 2150
4987 2150
846 1103
2718 1103
1102 105
3570 105
3670 2856
1259 2856
2464 4169
1748 4169
653 986
3676 986
4680 535
1570 535
1641 1322
4077 1322
149 4975
496 4975
1329 874
918 874
1584 3383
453 3383
2360 4218
3196 4218
1486 4980
2440 4980
4470 3012
1288 3012
2648 2935
2281 2935
1661 2160
2667 2160
2105 2242
3810 2242
4454 2011
2027 2011
3944 4234
1937 4234
697 2613
538 2613
2824 1279
348 1279
1213 3785
1129 3785
265 2162
1448 2162
3660 2095
437 2095
4400 803
2474 803
2471 669
3555 669
2161 3877
3571 3877
3995 2543
523 2543
2626 441
1629 441
2459 1774
2875 1774
4688 1810
3595 1810
2379 4915
1247 4915
137 3222
2847 3222
2008 3772
2064 3772
4845 2780
3521 2780
3809 3023
3181 3023
3751 1278
2994 1278
4263 2483
3111 2483
744 4214
1332 4214
4622 1323
1962 1323
1671 821
1537 821
4121 4508
885 4508
2969 245
259 245
1990 2515
4331 2515
4027 220
157 220
145 3139
4731 3139
3795 4300
3379 4300
4377 3951
2926 3951
2260 2117
479 2117
3252 1084
3022 1084
4489 14
4830 14
1824 586
1176 586
4210 1190
344 1190
683 796
599 796
2697 3762
3953 3762
2904 4729
1431 4729
286 1118
1470 1118
3208 402
2354 402
4487 4977
3585 4977
3169 869
2627 869
4944 657
4357 657
1928 4681
4844 4681
3124 3878
3929 3878
3986 4745
3891 4745
4274 4133
1052 4133
2934 4884
3937 4884
2279 652
4386 652
1616 3850
4122 3850
2585 755
4474 755
3008 1454
1160 1454
2948 3073
283 3073
3043 3027
4541 3027
4748 3597
289 3597
1312 4624
7 4624
2214 2740
4589 2740
3524 1509
2019 1509
2484 2389
3267 2389
109 1920
3649 1920
2081 214
2104 214
1802 4599
3159 4599
1344 591
534 591
3119 1883
2344 1883
3627 3816
3711 3816
585 1506
173 1506
1250 4595
3413 4595
1967 1038
581 1038
2159 1075
3096 1075
2704 3473
43 3473
1299 824
227 824
848 4596
4385 4596
762 2954
327 2954
710 936
3415 936
1816 1786
4490 1786
298 1822
605 1822
1134 4406
4458 4406
3051 4979
2977 4979
4588 4883
1126 4883
4453 3256
487 3256
921 1043
2744 1043
4283 4137
2960 4137
195 3435
1917 3435
122 2332
392 2332
962 3074
1027 3074
213 2720
2115 2720
4808 4341
45 4341
891 813
3238 813
2871 4503
4812 4503
4148 742
625 742
2962 3127
4841 3127
3225 2041
2430 2041
3059 2043
4089 2043
13 2506
4721 2506
4932 3668
517 3668
1215 167
2766 167
4550 1285
2424 1285
4111 1581
2621 1581
611 4020
2641 4020
734 4552
383 4552
2179 4784
1251 4784
2439 2941
3063 2941
172 491
457 491
3177 4412
3569 4412
4505 2869
342 2869
1882 3454
4898 3454
3014 4216
4045 4216
3531 278
3950 278
396 2846
2418 2846
1294 3543
2184 3543
1414 4727
3003 4727
1628 3761
3339 3761
3781 398
2601 398
1698 4843
4900 4843
4561 4917
2651 4917
2923 3040
3703 3040
3095 3467
4821 3467
4526 1666
4149 1666
3373 4232
77 4232
3903 4553
1948 4553
1408 4930
566 4930
274 4708
1127 4708
4126 1550
4894 1550
3257 2457
685 2457
1866 3274
3958 3274
760 2124
2335 2124
4864 3038
358 3038
1001 3138
151 3138
2778 1107
3229 1107
451 4164
3094 4164
320 3562
321 3562
76 3201
4955 3201
1409 1111
1110 1111
417 243
4212 243
2094 492
3030 492
2647 1422
38 1422
300 1155
2669 1155
2425 215
4483 215
4697 4085
3821 4085
2589 3942
1125 3942
1888 3496
2870 3496
4144 4510
4363 4510
1011 3718
2937 3718
4110 4741
1321 4741
1375 2815
519 2815
842 626
1087 626
1813 4393
3589 4393
905 2351
75 2351
778 1652
2393 1652
756 1541
3591 1541
465 3911
3295 3911
3687 1973
1849 1973
3355 721
1314 721
1980 2719
312 2719
3052 1921
1765 1921
4325 1152
4018 1152
366 690
2382 690
2018 311
2914 311
2073 3199
364 3199
1910 2091
607 2091
1972 4916
3875 4916
4398 121
3099 121
571 3546
2445 3546
1210 2531
4410 2531
1336 2133
752 2133
2885 1376
2908 1376
864 4641
2921 4641
3551 1427
3 1427
4352 3592
3861 3592
4684 3859
4972 3859
20 1231
4796 1231
4366 4046
2606 4046
4849 3848
557 3848
2705 4535
4305 4535
1289 1049
507 1049
1512 2741
4464 2741
2100 533
1324 533
3377 1355
2615 1355
302 4986
4475 4986
2839 349
3996 349
2759 2765
2034 2765
2466 871
3132 871
1741 2300
3689 2300
4690 253
851 253
3429 3029
326 3029
1085 1351
1253 1351
1575 1266
602 1266
2988 1530
536 1530
3366 2505
2701 2505
3026 1457
3456 1457
3641 3813
476 3813
1405 2936
4971 2936
3291 3143
4530 3143
4123 4629
1249 4629
1659 3305
4402 3305
3432 3780
9 3780
4143 1033
779 1033
712 1045
1260 1045
3743 4990
4241 4990
1801 1083
2661 1083
983 3794
600 3794
455 1283
1080 1283
3112 1308
1544 1308
3849 3360
1377 3360
518 1674
4223 1674
4379 3290
3608 3290
2114 4911
4174 4911
1647 3326
1032 3326
1141 1867
569 1867
3145 2770
150 2770
1676 687
2565 687
972 485
444 485
4251 2796
546 2796
761 2442
2231 2442
3192 4762
2910 4762
589 638
2812 638
111 4484
4711 4484
6 2257
277 2257
3060 1485
2403 1485
4538 2583
4603 2583
3417 4886
4852 4886
2112 3375
1795 3375
573 3999
4407 3999
1933 2365
3701 2365
462 365
2030 365
956 889
684 889
583 1696
1612 1696
2993 2834
4669 2834
1760 4052
3600 4052
4141 2199
3451 2199
2772 2958
1960 2958
1081 1325
4607 1325
1532 115
69 115
1217 1156
1504 1156
4112 1419
4615 1419
2698 434
4044 434
55 3932
2426 3932
693 698
4418 698
3147 2876
1992 2876
4423 3331
2809 3331
3923 2618
110 2618
4960 2957
1354 2957
2070 4982
4767 4982
3167 1224
814 1224
3939 1865
3002 1865
3725 2792
1656 2792
153 808
2762 808
543 4037
3427 4037
2714 766
3614 766
4100 1187
4568 1187
3774 419
2122 419
3617 1109
4716 1109
785 2358
3717 2358
4258 2396
3317 2396
2676 2883
1162 2883
1673 4853
4549 4853
1172 1846
531 1846
4800 3104
1407 3104
2427 3797
2961 3797
242 3513
1697 3513
3884 120
4572 120
3037 2296
3423 2296
293 4478
1916 4478
1230 23
336 23
1483 8
3036 8
3408 1310
493 1310
1879 3529
2086 3529
155 3332
4934 3332
1195 1175
3070 1175
3046 2126
261 2126
511 4586
154 4586
831 2135
1703 2135
1891 1256
2256 1256
1850 3168
3559 3168
1209 1800
498 1800
4156 3867
4739 3867
4750 4854
2075 4854
2325 3350
3230 3350
2051 4846
147 4846
3960 568
2258 568
2087 1729
968 1729
500 409
550 409
782 2566
1453 2566
3142 2012
449 2012
1500 890
532 890
1686 2228
4761 2228
1203 411
1040 411
665 3638
3244 3638
2716 4043
3565 4043
1099 1411
992 1411
1837 3554
101 3554
201 4233
3990 4233
673 654
4383 654
1072 3967
1307 3967
3110 1433
1689 1433
3523 2873
2991 2873
301 2932
1998 2932
2364 3348
416 3348
12 3530
4102 3530
1826 4280
4492 4280
2449 4633
1487 4633
850 4909
4546 4909
1649 2171
704 2171
1395 2482
2180 2482
1518 4265
2054 4265
458 2971
839 2971
3001 4162
1503 4162
1242 330
4695 330
3458 1492
2842 1492
3655 3564
1137 3564
1387 3700
2467 3700
4817 603
1573 603
3769 2400
1295 2400
775 2518
1964 2518
132 4933
1680 4933
895 233
1473 233
475 1941
2438 1941
1704 4840
2022 4840
4831 2537
1508 2537
3115 2143
1179 2143
4481 926
3610 926
1434 1861
1410 1861
4837 4340
2225 4340
1391 114
2591 114
1608 736
268 736
3935 4696
2149 4696
3392 2800
4209 2800
1993 1779
873 1779
385 3223
2745 3223
4448 826
3744 826
3418 3661
3635 3661
4270 2548
1639 2548
804 3657
3461 3657
2422 1956
4655 1956
3549 3316
1520 3316
2455 1925
3674 1925
1358 3157
240 3157
90 991
1854 991
4981 4107
1362 4107
3804 2374
4452 2374
136 4236
3275 4236
1519 3735
1163 3735
4533 2067
3325 2067
1588 4198
2950 4198
3236 2609
1863 2609
3356 1546
4829 1546
4689 2665
4494 2665
2992 4424
2886 4424
1871 67
3936 67
4191 1245
2110 1245
413 4604
3575 4604
3015 2194
3987 2194
3910 1480
1970 1480
1733 970
4181 970
1604 2545
161 2545
431 3964
3093 3964
777 4462
672 4462
1959 2321
1828 2321
290 4827
3860 4827
545 1022
526 1022
3519 707
3041 707
655 2652
4654 2652
482 4785
4396 4785
3928 2406
3534 2406
4522 929
3141 929
1936 759
1240 759
2721 4600
4631 4600
1653 4506
2891 4506
1770 3391
1046 3391
953 3216
4098 3216
3702 403
166 403
2499 738
1338 738
393 579
169 579
3791 325
4235 325
4288 4001
4298 4001
2878 981
3055 981
3126 3606
3476 3606
2367 1006
3438 1006
2739 747
2207 747
2997 3464
318 3464
2712 749
4861 749
4924 2485
452 2485
2195 2929
2182 2929
4757 3445
3251 3445
861 2045
1515 2045
2784 3684
3428 3684
1737 4389
1364 4389
3777 4013
1229 4013
640 3102
1496 3102
2933 4403
1302 4403
2016 2785
1313 2785
3846 4806
4536 4806
4548 807
4943 807
1445 119
4788 119
1851 4537
2451 4537
2076 2038
4529 2038
3498 3130
2708 3130
2832 4317
4168 4317
3975 3872
2930 3872
1392 678
4834 678
745 4923
819 4923
1119 3178
19 3178
3757 3801
4999 3801
123 4394
2063 4394
1070 1423
4851 1423
4227 1852
2317 1852
1274 2450
1658 2450
539 4534
544 4534
4970 2732
4733 2732
297 2737
1267 2737
4693 1974
3491 1974
317 951
4978 951
4017 2434
1280 2434
916 3016
138 3016
1977 1168
980 1168
4115 4704
2306 4704
1218 4170
2137 4170
3359 4532
2985 4532
2617 152
1950 152
2263 1464
883 1464
4271 1330
4217 1330
2976 4776
2435 4776
3977 107
3243 107
4502 750
763 750
1878 907
2239 907
83 1940
4010 1940
258 1151
3912 1151
1281 2973
2221 2973
96 4428
4715 4428
3746 4956
631 4956
1781 4189
4754 4189
3393 2833
3301 2833
2603 279
191 279
1792 2706
4685 2706
4206 541
4542 541
4348 1587
4083 1587
999 2383
3696 2383
3399 3675
2385 3675
2401 4514
4413 4514
3626 2789
4445 2789
5 3845
2529 3845
1724 4409
2218 4409
397 4175
2463 4175
2129 188
2174 188
3723 4130
4285 4130
4226 2848
1441 2848
1363 1955
433 1955
641 853
2738 853
2118 208
2678 208
2803 671
3594 671
1180 1221
3031 1221
3437 3904
2947 3904
3998 4720
4395 4720
2623 556
927 556
2366 2164
291 2164
1458 2206
2049 2206
2355 1675
3690 1675
1025 989
1539 989
4443 1495
3374 1495
4084 504
4617 504
3803 1929
1911 1929
4891 3133
2547 3133
4333 3187
952 3187
645 4429
32 4429
3509 2136
3394 2136
3993 2357
901 2357
3286 1904
3898 1904
4584 15
2082 15
1026 3144
1301 3144
4372 1788
3345 1788
3179 3024
2311 3024
3612 68
4306 68
422 3462
4968 3462
3749 2384
3271 2384
1439 2924
580 2924
3596 3280
394 3280
1896 2318
400 2318
2246 2458
4330 2458
3010 2175
4963 2175
1443 4770
3541 4770
3992 2036
3789 2036
4640 3398
2602 3398
2040 1873
2035 1873
872 725
702 725
2342 3737
2407 3737
1396 974
124 974
3118 2303
2139 2303
2156 1995
4354 1995
2837 3363
4637 3363
941 4463
1753 4463
1277 4480
3734 4480
2004 797
3916 797
1758 1024
4467 1024
3320 4608
2163 4608
2271 3342
3327 3342
4659 4245
3209 4245
616 3105
3683 3105
610 2511
2264 2511
4919 1146
1979 1146
4823 141
127 141
2444 3852
3425 3852
2980 713
4905 713
4113 2628
2533 2628
4014 1205
3934 1205
3308 4897
630 4897
888 3284
3539 3284
3542 269
377 269
1635 1169
3784 1169
1472 4328
636 4328
3336 4086
3404 4086
42 329
95 329
4942 3956
3581 3956
2688 4472
4099 4472
3215 2887
3323 2887
1895 2125
3347 2125
2612 1316
1762 1316
4921 2552
1985 2552
1113 2534
908 2534
187 4987
1862 4987
2134 846
3414 846
4104 2718
2527 2718
2696 1102
483 1102
2188 3570
578 3570
1953 3670
3044 3670
3354 1259
1140 1259
4818 2464
3826 2464
4658 1748
1534 1748
4666 653
3800 653
3210 3676
2238 3676
574 4680
1709 4680
4634 1570
216 1570
2907 1641
1952 1641
836 4077
910 4077
3239 149
4946 149
3663 496
1620 496
2416 1329
3241 1329
4779 918
4119 918
2724 1584
4456 1584
1713 453
3756 453
674 2360
552 2360
2550 3196
3558 3196
4935 1486
2624 1486
1606 2440
1380 2440
257 4470
4756 4470
4516 1288
2865 1288
3182 2648
2247 2648
81 2281
3173 2281
2940 1661
2429 1661
3602 2667
601 2667
3868 2105
1924 2105
4789 3810
4205 3810
1489 4454
4344 4454
3447 2027
620 2027
474 3944
3719 3944
1942 1937
3727 1937
3642 697
4108 697
3306 538
4772 538
3954 2824
648 2824
4903 348
1603 348
1058 1213
729 1213
126 1129
1000 1129
2229 265
1015 265
1787 1448
420 1448
4441 3660
2108 3660
3648 437
1079 437
281 4400
4308 4400
4440 2474
1764 2474
2341 2471
3340 2471
2132 3555
4297 3555
3520 2161
4554 2161
2571 3571
2598 3571
2725 3995
3750 3995
2084 523
1736 523
2013 2626
1333 2626
4261 1629
3483 1629
3227 2459
4938 2459
472 2875
1031 2875
1808 4688
3931 4688
2840 3595
334 3595
2743 2379
2558 2379
512 1247
4167 1247
3692 137
4509 137
52 2847
3203 2847
62 2008
2855 2008
3574 2064
2978 2064
264 4845
2574 4845
1983 3521
2349 3521
4177 3809
4997 3809
1772 3181
1214 3181
3906 3751
3211 3751
1870 2994
1100 2994
1877 4263
2783 4263
3533 3111
1436 3111
4147 744
1361 744
4579 1332
2415 1332
4913 4622
1390 4622
1790 1962
2895 1962
3431 1671
592 1671
1538 1537
2371 1537
2146 4121
2347 4121
2922 885
3292 885
3264 2969
3079 2969
1047 259
85 259
4374 1990
2226 1990
4105 4331
4437 4331
2689 4027
1357 4027
2399 157
2777 157
4873 145
340 145
118 4731
1899 4731
221 3795
2639 3795
4442 3379
1484 3379
3083 4377
2428 4377
2050 2926
3333 2926
1820 2260
2057 2260
4671 479
527 479
1382 3252
4171 3252
1706 3022
2828 3022
4097 4489
828 4489
4995 4830
58 4830
2560 1824
802 1824
1507 1176
958 1176
2158 4210
4881 4210
4544 344
768 344
2952 683
4563 683
196 599
3952 599
3645 2697
2205 2697
2829 3953
4092 3953
3988 2904
2101 2904
3901 1431
2557 1431
28 286
1424 286
3013 1470
2902 1470
248 3208
1668 3208
4717 2354
71 2354
3122 4487
4965 4487
180 3585
1030 3585
4011 3169
2293 3169
4614 2627
3736 2627
2900 4944
4573 4944
103 4357
2998 4357
1528 1928
3908 1928
675 4844
4319 4844
2192 3124
3972 3124
2353 3929
2432 3929
1946 3986
4616 3986
2590 3891
1399 3891
4242 4274
3561 4274
2820 1052
1088 1052
949 2934
658 2934
2604 3937
1073 3937
767 2279
1199 2279
553 4386
3706 4386
3759 1616
4311 1616
4691 4122
2295 4122
4928 2585
3278 2585
4931 4474
4469 4474
4566 3008
3870 3008
4907 1160
4583 1160
4061 2948
3673 2948
2500 283
1017 283
3616 3043
4651 3043
18 4541
587 4541
2398 4748
170 4748
4051 289
4706 289
4791 1312
360 1312
2322 7
3913 7
1430 2214
390 2214
11 4589
1589 4589
3738 3524
4961 3524
677 2019
790 2019
41 2484
4766 2484
4281 3267
4207 3267
179 109
3453 109
4211 3649
1913 3649
2713 2081
3107 2081
272 2104
810 2104
2046 1802
3580 1802
2616 3159
540 3159
2813 1344
4021 1344
4606 534
3152 534
3818 3119
3855 3119
4569 2344
2836 2344
3100 3627
2323 3627
1711 3711
1068 3711
2437 585
1241 585
1296 173
1994 173
4256 1250
1124 1250
4649 3413
4517 3413
2736 1967
2633 1967
1237 581
4759 581
292 2159
3268 2159
4941 3096
2060 3096
2872 2704
2522 2704
561 43
3572 43
2620 1299
2657 1299
4656 227
3106 227
3971 848
2646 848
3474 4385
4172 4385
2138 762
3667 762
3720 327
1728 327
1042 710
618 710
1200 3415
2148 3415
529 1816
3154 1816
4612 4490
2917 4490
255 298
4825 298
3370 605
1627 605
2892 1134
4738 1134
3553 4458
3185 4458
1097 3051
4635 3051
2102 2977
229 2977
4591 4588
3191 4588
2473 1126
2107 1126
2405 4453
2503 4453
3981 487
3516 487
2797 921
1778 921
4809 2744
913 2744
1747 4283
3255 4283
792 2960
3486 2960
939 195
4768 195
2654 1917
886 1917
3368 122
2573 122
323 392
1013 392
2488 962
2881 962
2525 1027
1934 1027
4213 213
2822 213
1957 2115
924 2115
2711 4808
2544 4808
944 45
1856 45
4860 891
867 891
3603 3238
4703 3238
2984 2871
799 2871
4575 4812
597 4812
3896 4148
4127 4148
3919 625
1894 625
1744 2962
4929 2962
3538 4841
1378 4841
1938 3225
3329 3225
4632 2430
3856 2430
2918 3059
2140 3059
102 4089
4936 4089
4565 13
308 13
1122 4721
2350 4721
1497 4932
3422 4932
1347 517
3740 517
3088 1215
133 1215
478 2766
4322 2766
2338 4550
2715 4550
2905 2424
3836 2424
1341 4111
2852 4111
4790 2621
837 2621
4459 611
2605 611
1074 2641
878 2641
4571 734
1009 734
1558 383
2284 383
168 2179
4985 2179
4876 1251
2699 1251
4081 2439
2660 2439
1997 3063
3747 3063
862 172
4870 172
4310 457
4585 457
2964 3177
3966 3177
2386 3569
4639 3569
622 4505
4134 4505
2001 342
285 342
4952 1882
2209 1882
4449 4898
2798 4898
661 3014
4316 3014
2287 4045
239 4045
266 3531
880 3531
2176 3950
3213 3950
841 396
1665 396
3831 2418
3218 2418
1872 1294
49 1294
2191 2184
189 2184
3098 1414
606 1414
3153 3003
3817 3003
3033 1628
4422 1628
1761 3339
4948 3339
4313 3781
2684 3781
4660 2601
2151 2601
1714 1698
4842 1698
2153 4900
3656 4900
2727 4561
1642 4561
2423 2651
1569 2651
4590 2923
4698 2923
3007 3703
1227 3703
1596 3095
4783 3095
1718 4821
2249 4821
4507 4526
2173 4526
3980 4149
4714 4149
3188 3373
3109 3373
969 77
4732 77
1062 3903
1838 3903
3839 1948
1524 1948
4376 1408
2655 1408
2866 566
1517 566
2686 274
3894 274
1373 1127
2864 1127
1592 4126
3619 4126
832 4894
4735 4894
780 3257
961 3257
3300 685
2911 685
3114 1866
4003 1866
1191 3958
2177 3958
427 760
1734 760
2999 2335
4138 2335
1625 4864
1763 4864
1071 358
2659 358
56 1001
4540 1001
1947 151
688 151
935 2778
4597 2778
1094 3229
817 3229
1759 451
1875 451
990 3094
967 3094
2003 320
4835 320
2879 321
3922 321
2 76
1315 76
2390 4955
484 4955
3593 1409
1510 1409
21 1110
2896 1110
3361 417
3273 417
3337 4212
91 4212
1740 2094
2029 2094
2278 3030
1456 3030
2851 2647
4165 2647
635 38
1705 38
3237 300
1339 300
1276 2669
3544 2669
2901 2425
2447 2425
2109 4483
584 4483
1219 4697
4289 4697
506 3821
2204 3821
2201 2589
3160 2589
2387 1125
1523 1125
4345 1888
1442 1888
4650 2870
2294 2870
3128 4144
4496 4144
4638 4363
3357 4363
800 1011
997 1011
184 2937
1932 2937
3623 4110
3396 4110
3503 1321
659 1321
847 1375
570 1375
182 519
4752 519
2042 842
966 842
4267 1087
146 1087
2884 1813
2600 1813
1263 3589
3260 3589
3395 905
3798 905
2185 75
4663 75
3713 778
4299 778
2002 2393
3269 2393
481 756
2330 756
1743 3591
376 3591
4778 465
371 465
3733 3295
3829 3295
893 3687
3605 3687
1477 1849
4839 1849
4482 3355
414 3355
4556 1314
1750 1314
463 1980
3047 1980
2200 312
3328 312
3097 3052
1909 3052
50 1765
3131 1765
2681 4325
1258 4325
565 4018
448 4018
3151 366
4364 366
998 2382
37 2382
4743 2018
4132 2018
4055 2914
1633 2914
4523 2073
731 2073
1211 364
4605 364
1919 1910
1880 1910
4268 607
3228 607
2806 1972
2679 1972
2310 3875
1889 3875
2882 4398
2528 4398
3085 3099
2055 3099
2849 571
2262 571
1571 2445
4007 2445
3219 1210
1053 1210
3659 4410
4243 4410
1562 1336
4116 1336
4957 752
849 752
4416 2885
2968 2885
2461 2908
399 2908
3522 864
1311 864
1667 2921
446 2921
915 3551
4180 3551
2408 3
894 3
1398 4352
575 4352
1841 3861
996 3861
3814 4684
299 4684
2269 4972
4266 4972
104 20
3367 20
1225 4796
4349 4796
4296 4366
4326 4366
2516 2606
4795 2606
1304 4849
739 4849
2630 557
2377 557
3776 2705
4163 2705
4050 4305
1690 4305
4520 1289
4664 1289
582 507
4450 507
2147 1512
1348 1512
4202 4464
2556 4464
1418 2100
608 2100
4793 1324
200 1324
421 3377
2735 3377
4866 2615
2372 2615
3254 302
4726 302
730 4475
1886 4475
3077 2839
3560 2839
2793 3996
3765 3996
2312 2759
795 2759
3731 2034
1927 2034
4973 2466
1499 2466
2843 3132
4702 3132
4976 1741
3005 1741
1893 3689
3166 3689
3618 4690
3707 4690
4918 851
1366 851
3500 3429
2497 3429
2664 326
3140 326
502 1085
4486 1085
4075 1253
2953 1253
508 1575
1783 1575
501 602
4920 602
4417 2988
4048 2988
1975 536
2198 536
251 3366
1403 3366
2804 2701
57 2701
3842 3026
1892 3026
4951 3456
3487 3456
4547 3641
209 3641
740 476
315 476
4060 1405
4154 1405
1864 4971
59 4971
2634 3291
4594 3291
4375 4530
2951 4530
2235 4123
2535 4123
4953 1249
2858 1249
2417 1659
218 1659
3067 4402
2448 4402
2794 3432
4763 3432
2890 9
1360 9
3802 4143
142 4143
3018 779
1617 779
4728 712
442 712
4613 1260
3501 1260
3362 3743
973 3743
3448 4241
1239 4241
4822 1801
1270 1801
1384 2661
1660 2661
4057 983
3888 983
4026 600
3123 600
619 455
2586 455
2381 1080
1306 1080
4887 3112
827 3112
3876 1544
1645 1544
634 3849
1834 3849
4989 1377
1720 1377
3313 518
979 518
4215 4223
660 4223
1976 4379
262 4379
4804 3608
860 3608
4742 2114
4425 2114
4380 4174
3599 4174
3847 1647
3920 1647
2024 1032
1814 1032
1385 1141
4109 1141
4661 569
1048 569
3887 3145
3976 3145
3004 150
857 150
4619 1676
1136 1676
1683 2565
2130 2565
4178 972
4643 972
3716 444
2498 444
435 4251
3694 4251
911 546
1149 546
1468 761
4404 761
902 2231
1630 2231
1413 3192
355 3192
2756 2910
954 2910
3665 589
3384 589
3282 2812
1766 2812
2509 111
4066 111
1780 4711
3662 4711
4567 6
1564 6
3709 277
4058 277
4699 3060
4882 3060
1108 2403
758 2403
1188 4538
2127 4538
1843 4603
4278 4603
1478 3417
3637 3417
3205 4852
1050 4852
1906 2112
4295 2112
3189 1795
1282 1795
4155 573
1349 573
2031 4407
816 4407
786 1933
3805 1933
316 3701
4430 3701
303 462
1452 462
4764 2030
788 2030
2501 956
4381 956
3889 684
3411 684
2767 583
4874 583
1954 1612
1171 1612
4855 2993
1655 2993
1300 4669
2580 4669
1557 1760
3193 1760
1060 3600
2530 3600
1412 4141
4204 4141
3754 3451
3728 3451
903 2772
464 2772
3407 1960
4262 1960
1272 1081
2513 1081
931 4607
4662 4607
1767 1532
2337 1532
3479 69
3439 69
4219 1217
270 1217
2336 1504
3601 1504
3664 4112
1479 4112
2597 4615
2237 4615
1287 2698
250 2698
4337 4044
1930 4044
3283 55
1340 55
964 2426
2568 2426
116 693
1902 693
2356 4418
1498 4418
440 3147
598 3147
3198 1992
1165 1992
135 4423
1775 4423
1394 2809
1417 2809
723 3923
3788 3923
1529 110
3165 110
1016 4960
1809 4960
4190 1354
3116 1354
3091 2070
2266 2070
4501 4767
4323 4767
2329 3167
384 3167
3158 814
2818 814
3318 3939
140 3939
1184 3002
2693 3002
4734 3725
2802 3725
4303 1656
1226 1656
467 153
528 153
2274 2762
2420 2762
2588 543
2757 543
1429 3427
2454 3427
3783 2714
840 2714
3982 3614
3518 3614
4072 4100
3685 4100
4574 4568
2562 4568
1944 3774
3815 3774
1142 2122
4434 2122
1139 3617
176 3617
1036 4716
2053 4716
1579 785
4286 785
791 3717
386 3717
3492 4258
252 4258
2446 3317
2181 3317
2877 2676
2927 2676
2675 1162
1702 1162
4370 1673
4282 1673
1868 4549
2251 4549
4031 1172
3444 1172
2292 531
351 531
2520 4800
1262 4800
564 1407
4199 1407
3770 2427
2098 2427
1066 2961
681 2961
2219 242
4358 242
1806 1697
148 1697
1621 3884
4203 3884
3669 4572
3567 4572
720 3037
3578 3037
373 3423
2787 3423
1636 293
404 293
4527 1916
4587 1916
621 1230
3065 1230
614 336
2563 336
3322 1483
2810 1483
224 3036
4672 3036
3207 3408
3277 3408
3886 493
36 493
3103 1879
1471 1879
884 2086
1095 2086
4405 155
4675 155
1963 4934
228 4934
347 1195
3917 1195
3507 3070
1745 3070
3246 3046
2494 3046
4765 261
1353 261
4033 511
4362 511
4049 154
820 154
2521 831
3640 831
4792 1703
662 1703
282 1891
2572 1891
789 2256
374 2256
2717 1850
3827 1850
2555 3559
2373 3559
806 1209
2111 1209
4015 498
2456 498
2635 4156
226 4156
914 4739
4794 4739
2490 4750
1264 4750
689 2075
548 2075
1019 2325
3499 2325
2460 3230
4996 3230
54 2051
3263 2051
295 147
2203 147
1887 3960
2397 3960
1166 2258
1461 2258
3652 2087
1054 2087
2975 968
1836 968
3773 500
4922 500
801 550
798 550
1350 782
1305 782
3054 1453
1812 1453
306 3142
3455 3142
4237 449
2253 449
4867 1500
1173 1500
3344 532
4140 532
2672 1686
2141 1686
1402 4761
2480 4761
3108 1203
4231 1203
3299 1040
960 1040
4193 665
1482 665
4805 3244
4515 3244
1273 2716
1147 2716
4826 3565
3460 3565
4620 1099
27 1099
1978 992
1261 992
1695 1837
3057 1837
4626 101
3844 101
993 201
2085 201
3072 3990
3695 3990
4623 673
1626 673
4644 4383
3708 4383
4071 1072
1406 1072
4151 1307
1232 1307
1159 3110
3653 3110
1551 1689
211 1689
4250 3523
3064 3523
3084 2991
2983 2991
2862 301
495 301
1547 1998
1204 1998
2282 2364
4992 2364
192 416
73 416
2079 12
1291 12
2731 4102
3195 4102
2187 1826
794 1826
1768 4492
1931 4492
3697 2449
1449 2449
3879 1487
1815 1487
375 850
2944 850
34 4546
1853 4546
1600 1649
4592 1649
1803 704
4332 704
3434 1395
815 1395
236 2180
2028 2180
238 1518
1717 1518
823 2054
3527 2054
773 458
2291 458
1691 839
389 839
4983 3001
2814 3001
3480 1503
3890 1503
717 1242
2268 1242
4511 4695
144 4695
4324 3458
3050 3458
2213 2842
772 2842
2305 3655
2844 3655
787 1137
1039 1137
4101 1387
1437 1387
3048 2467
4447 2467
988 4817
1556 4817
1804 1573
854 1573
530 3769
1077 3769
2819 1295
1536 1295
1739 775
4053 775
1476 1964
1643 1964
1318 132
1425 132
4988 1680
429 1680
379 895
459 895
2779 1473
4034 1473
4387 475
4676 475
1474 2438
1742 2438
3262 1704
4709 1704
2949 2022
2880 2022
339 4831
2000 4831
1404 1508
4415 1508
2817 3115
3943 3115
2088 1179
4439 1179
3620 4481
4872 4481
2348 3610
3961 3610
4438 1434
3841 1434
4914 1410
3712 1410
3968 4837
4577 4837
2723 2225
1381 2225
1874 1391
822 1391
3161 2591
700 2591
3378 1608
4927 1608
3137 268
3412 268
3573 3935
1029 3935
4228 2149
1807 2149
2928 3392
3851 3392
387 4209
4609 4209
3984 1993
835 1993
309 873
2730 873
3302 385
181 385
2700 2745
4686 2745
1131 4448
1723 4448
3994 3744
4730 3744
4176 3418
1797 3418
1835 3635
307 3635
858 4270
4519 4270
4355 1639
3721 1639
3978 804
2771 804
158 3461
4521 3461
3176 2422
1988 2422
4455 4655
4359 4655
3979 3549
461 3549
2392 1520
203 1520
25 2455
4367 2455
63 3674
2707 3674
4500 1358
4246 1358
3897 240
4076 240
4677 90
1731 90
2760 1854
275 1854
198 4981
3948 4981
2167 1362
3042 1362
863 3804
84 3804
4777 4452
4427 4452
4551 136
2361 136
430 3275
1317 3275
177 1519
456 1519
3924 1163
1511 1163
4668 4533
975 4533
3380 3325
1707 3325
920 1588
497 1588
1943 2950
4249 2950
1057 3236
380 3236
1725 1863
357 1863
4581 3356
130 3356
833 4829
1513 4829
4419 4689
2007 4689
3768 4494
60 4494
471 2992
3071 2992
856 2886
2542 2886
4902 1871
4642 1871
363 3936
412 3936
3497 4191
1037 4191
4889 2110
3729 2110
3671 413
1987 413
3739 3575
4576 3575
3212 3015
4346 3015
1098 3987
70 3987
1677 3910
2481 3910
3449 1970
4753 1970
3309 1733
1842 1733
4244 4181
754 4181
4513 1604
4269 1604
1754 161
2514 161
1246 431
3475 431
1005 3093
3470 3093
443 777
4683 777
4421 672
3472 672
1594 1959
2863 1959
4580 1828
3628 1828
2324 290
1692 290
2313 3860
4645 3860
2489 545
3933 545
3678 526
676 526
4628 3519
2826 3519
4320 3041
1958 3041
354 655
1738 655
4082 4654
1490 4654
2995 482
844 482
2202 4396
1840 4396
2682 3928
4974 3928
3231 3534
900 3534
106 4522
3183 4522
1455 3141
4023 3141
2526 1936
3973 1936
4816 1240
3515 1240
1631 2721
108 2721
3963 4631
4621 4631
959 1653
1599 1653
2413 2891
1368 2891
3459 1770
1502 1770
3493 1046
2089 1046
4966 953
186 953
3631 4098
1746 4098
185 3702
2492 3702
1601 166
699 166
774 2499
4120 2499
314 1338
4136 1338
947 393
1432 393
2369 169
3611 169
2764 3791
514 3791
2649 4235
2465 4235
3086 4288
1 4288
4152 4298
4390 4298
1821 2878
3767 2878
4665 3055
751 3055
4264 3126
2554 3126
72 3476
3364 3476
1223 2367
2827 2367
2062 3438
372 3438
1574 2739
3446 2739
260 2207
4292 2207
4736 2997
117 2997
1167 318
24 318
1174 2712
1352 2712
1634 4861
3957 4861
3233 4924
439 4924
4411 452
3358 452
1598 2195
3807 2195
1712 2182
769 2182
17 4757
604 4757
1638 3251
3248 3251
1059 861
341 861
2643 1515
4062 1515
2594 2784
668 2784
4321 3428
1014 3428
1236 1737
4543 1737
3915 1364
2536 1364
1154 3777
4391 3777
82 1229
722 1229
486 640
2275 640
3202 1496
928 1496
1104 2933
4196 2933
2155 1302
3766 1302
2395 2016
3270 2016
2280 1313
2152 1313
1121 3846
134 3846
3149 4536
3200 4536
468 4548
1664 4548
554 4943
4435 4943
1138 1445
2097 1445
1069 4788
977 4788
1516 1851
663 1851
244 2451
2644 2451
735 2076
2674 2076
415 4529
877 4529
2334 3498
4799 3498
4054 2708
2056 2708
4201 2832
995 2832
4559 4168
4 4168
1819 3975
2071 3975
2121 2930
381 2930
4653 1392
4019 1392
405 4834
705 4834
1196 745
4807 745
4701 819
2368 819
1393 1119
3011 1119
3806 19
4182 19
2570 3757
1552 3757
549 4999
4088 4999
4070 123
1951 123
3170 2063
2670 2063
2658 1070
2637 1070
1566 4851
2906 4851
3279 4227
4254 4227
4040 2317
2808 2317
1687 1274
241 1274
3959 1658
1782 1658
406 539
1170 539
3217 544
3206 544
1986 4970
2493 4970
2178 4733
3726 4733
3686 297
388 297
10 1267
2376 1267
1469 4693
3420 4693
3369 3491
2549 3491
943 317
1257 317
551 4978
3335 4978
2728 4017
2564 4017
1447 1280
825 1280
294 916
1752 916
4673 138
4740 138
3376 1977
2078 1977
4908 980
332 980
2807 4115
3532 4115
1811 2306
718 2306
1708 1218
2272 1218
2328 2137
22 2137
3609 3359
4564 3359
3552 2985
4016 2985
3372 2617
3113 2617
4068 1950
4531 1950
2733 2263
1640 2263
3680 883
1572 883
2685 4271
2553 4271
98 4217
3837 4217
2671 2976
948 2976
691 2435
1183 2435
1789 3977
2939 3977
4473 3243
1869 3243
1565 4502
963 4502
4859 763
234 763
793 1878
3545 1878
1008 2239
917 2239
4856 83
2838 83
2758 4010
3622 4010
4222 258
2168 258
2144 3912
2775 3912
1451 1281
1130 1281
2749 2221
1582 2221
615 96
2477 96
764 4715
1663 4715
2419 3746
2169 3746
4969 631
1421 631
378 1781
2189 1781
125 4754
3081 4754
765 3393
3049 3393
3666 3301
2119 3301
3786 2603
2692 2603
1328 191
92 191
4371 1792
637 1792
2021 4685
1331 4685
4253 4206
313 4206
1004 4542
2569 4542
3164 4348
4460 4348
2044 4083
1884 4083
513 999
1971 999
4094 3696
4751 3696
4080 3399
4618 3399
2768 2385
466 2385
3245 2401
2579 2401
1182 4413
4090 4413
2523 3626
4758 3626
3289 4445
562 4445
4248 5
2608 5
2495 2529
2230 2529
3632 1724
2956 1724
4647 2218
3691 2218
1678 397
4240 397
3843 2463
4906 2463
231 2129
139 2129
4879 2174
3468 2174
477 3723
1091 3723
4786 4285
2551 4285
1010 4226
1607 4226
1613 1441
2241 1441
86 1363
2433 1363
4611 433
1446 433
4471 641
2472 641
395 2738
4420 2738
4723 2118
1389 2118
3755 2678
345 2678
2668 2803
4184 2803
642 3594
4707 3594
2289 1180
1178 1180
887 3031
2781 3031
4238 3437
2576 3437
3925 2947
2193 2947
2074 3998
1568 3998
4912 4395
3101 4395
3892 2623
1128 2623
3537 927
2183 927
1648 2366
522 2366
2469 291
2694 291
4625 1458
2304 1458
1192 2049
4801 2049
1885 2355
524 2355
1268 3690
1755 3690
3045 1025
3388 1025
3400 1539
4910 1539
2276 4443
3583 4443
1327 3374
2090 3374
3587 4084
1078 4084
1901 4617
164 4617
1922 3803
1158 3803
2540 1911
2299 1911
1206 4891
1585 4891
2734 2547
984 2547
1646 4333
1092 4333
2363 952
4993 952
3822 645
469 645
4365 32
520 32
978 3509
304 3509
3247 3394
650 3394
1751 3993
1034 3993
4539 901
2850 901
3758 3286
2955 3286
2443 3898
2841 3898
4166 4584
423 4584
3698 2082
3782 2082
3634 1026
3556 1026
632 1301
1710 1301
1115 4372
3463 4372
714 3345
489 3345
3457 3179
3214 3179
87 2311
3121 2311
3402 3612
2642 3612
649 4306
2677 4306
1945 422
361 422
4485 4968
3382 4968
834 3749
4339 3749
934 3271
3651 3271
212 1439
2232 1439
4525 580
1771 580
3482 3596
1216 3596
3287 394
1463 394
3536 1896
1830 1896
3902 400
3705 400
3000 2246
4275 2246
596 4330
3194 4330
310 3010
3125 3010
356 4963
2893 4963
719 1443
4674 1443
940 3541
2388 3541
617 3992
4160 3992
4347 3789
2690 3789
1055 4640
3259 4640
965 2602
1700 2602
1207 2040
197 2040
3962 2035
4335 2035
2913 872
4998 872
160 702
3630 702
322 2342
3528 2342
3220 2407
112 2407
1590 1396
2894 1396
3753 124
64 124
4294 3118
247 3118
2610 2139
2666 2139
3787 2156
3714 2156
4719 4354
2695 4354
3921 2837
3032 2837
809 4637
2645 4637
2326 941
1326 941
3351 1753
667 1753
1501 1277
4710 1277
3812 3734
3390 3734
3242 2004
4713 2004
4225 3916
61 3916
1839 1758
401 1758
4125 4467
3312 4467
1735 3320
2039 3320
572 2163
741 2163
1438 2271
3349 2271
4128 3327
812 3327
1298 4659
2047 4659
2315 3209
4493 3209
521 616
3197 616
4183 3683
1440 3683
1694 610
4079 610
1701 2264
156 2264
4239 4919
3180 4919
256 1979
830 1979
2722 4823
1007 4823
3779 127
2754 127
4351 2444
3590 2444
3330 3425
4426 3425
4679 2980
4718 2980
3926 4905
3162 4905
328 4113
1465 4113
3945 2533
695 2533
1614 4014
3991 4014
450 3934
4252 3934
3588 3308
2575 3308
4124 630
4312 630
1243 888
1984 888
945 3539
4466 3539
2903 3542
4878 3542
1488 377
3481 377
644 1635
4002 1635
3319 3784
3035 3784
230 1472
1238 1472
4630 636
3679 636
1186 3336
3272 3336
4318 3404
3838 3404
4279 42
1610 42
2662 95
3625 95
2006 4942
4598 4942
3288 3581
44 3581
1545 2688
424 2688
88 4099
1346 4099
4338 3215
1918 3215
3506 3323
2190 3323
1796 1895
2032 1895
4030 3347
4862 3347
4091 2612
1624 2612
3764 1762
2763 1762
210 4921
352 4921
1093 1985
4940 1985
3410 1113
4229 1113
1857 908
205 908
2099 187
4964 187
4896 1862
254 1862
1044 2134
1961 2134
3221 3414
1996 3414
4004 4104
2687 4104
1693 2527
2340 2527
222 2696
1082 2696
4384 483
919 483
1827 2188
3613 2188
1859 578
2224 578
2316 1953
4431 1953
2629 3044
2468 3044
3883 3354
3436 3354
2504 1140
2297 1140
3343 4818
2831 4818
909 3826
2286 3826
4814 4658
4290 4658
3511 1534
1337 1534
2216 4666
1533 4666
859 3800
4032 3800
29 3210
3710 3210
4436 2238
613 2238
3334 574
2431 574
2255 1709
4047 1709
865 4634
4636 4634
1784 216
4247 216
1157 2907
1535 2907
3117 1952
1597 1952
4744 836
1773 836
3324 910
1041 910
4705 3239
3633 3239
2577 4946
2014 4946
2142 3663
2996 3663
2339 1620
2375 1620
3914 2416
2277 2416
4146 3241
89 3241
2327 4779
682 4779
1096 4119
305 4119
1619 2724
193 2724
80 4456
3681 4456
1370 1713
4336 1713
4373 3756
3974 3756
4477 674
4828 674
3068 552
1876 552
2965 2550
4000 2550
1420 3558
128 3558
2096 4935
2791 4935
2990 2624
1369 2624
4139 1606
3871 1606
4782 1380
2925 1380
2774 257
1135 257
624 4756
1548 4756
3899 4516
4197 4516
4657 2865
2943 2865
1371 3182
870 3182
1999 2247
3371 2247
845 81
2170 81
3148 3173
4904 3173
3075 2940
1197 2940
4787 2429
2912 2429
3426 3602
3069 3602
1912 601
4397 601
4157 3868
1120 3868
1177 1924
4947 1924
2186 4789
3941 4789
2625 4205
3742 4205
3416 1489
2593 1489
4301 4344
4901 4344
4179 3447
3058 3447
4627 620
2619 620
4005 474
3385 474
267 3719
4028 3719
1969 1942
4888 1942
2309 3727
2252 3727
454 3642
4302 3642
4073 4108
2436 4108
1144 3306
1090 3306
1292 4772
3940 4772
3314 3954
1602 3954
1844 648
1271 648
4682 4903
1966 4903
3647 1603
4994 1603
2673 1058
1459 1058
4926 729
3865 729
1051 126
2479 126
4724 1000
78 1000
595 2229
2561 2229
4771 1015
2967 1015
2077 1787
4958 1787
3441 420
343 420
2972 4441
3066 4441
2611 2108
2899 2108
4836 3648
855 3648
4284 1079
4009 1079
428 281
3577 281
4558 4308
3863 4308
4780 4440
296 4440
2703 1764
4601 1764
2066 2341
223 2341
4260 3340
3748 3340
2234 2132
4087 2132
1056 4297
2638 4297
3020 3520
2346 3520
1749 4554
33 4554
3387 2571
2025 2571
1898 2598
3235 2598
1386 2725
2475 2725
4737 3750
2069 3750
1076 2084
3346 2084
2362 1736
3062 1736
3624 2013
2859 2013
1650 1333
2946 1333
3403 4261
335 4261
175 3483
1855 3483
509 3227
2157 3227
3056 4938
2508 4938
2452 472
2821 472
2790 1031
746 1031
2470 1808
2421 1808
715 3931
2582 3931
3082 2840
3150 2840
1890 334
1609 334
2083 2743
4774 2743
1832 2558
4773 2558
727 512
426 512
4570 4167
2359 4167
3989 3692
594 3692
1662 4509
639 4509
3778 52
3828 52
2938 3203
4648 3203
163 62
4945 62
1848 2855
499 2855
2860 3574
3134 3574
194 2978
555 2978
4875 264
3881 264
2208 2574
946 2574
882 1983
4820 1983
3741 2349
2889 2349
4602 4177
2989 4177
4833 4997
2065 4997
628 1772
3186 1772
4815 1214
2801 1214
1554 3906
3175 3906
4293 3211
3184 3211
1342 1870
4755 1870
4700 1100
590 1100
418 1877
3477 1877
4342 2783
3381 2783
4432 3533
1123 3533
2857 1436
724 1436
3009 4147
3869 4147
3250 1361
647 1361
3397 4579
3353 4579
1914 2415
4848 2415
2517 4913
3820 4913
4255 1390
3261 1390
1367 1790
3293 1790
4775 2895
47 2895
4797 3431
1105 3431
1189 592
4150 592
3409 1538
4069 1538
4095 2371
2453 2371
525 2146
1721 2146
4006 2347
868 2347
1903 2922
4868 2922
2072 3292
3276 3292
1935 3264
2123 3264
66 3079
1681 3079
930 1047
666 1047
593 85
2751 85
190 4374
3752 4374
2788 2226
1908 2226
183 4105
1012 4105
206 4437
288 4437
4056 2689
2496 2689
3311 1357
3760 1357
3021 2399
4276 2399
2345 2777
4652 2777
2811 4873
897 4873
1067 340
2963 340
3732 118
2370 118
4892 1899
2769 1899
1543 221
2120 221
976 2639
4369 2639
1549 4442
3315 4442
1881 1484
3985 1484
1153 3083
4810 3083
1715 2428
1595 2428
4468 2050
2414 2050
4029 3333
629 3333
48 1820
39 1820
4200 2057
1416 2057
4560 4671
1719 4671
1559 527
1112 527
2254 1382
994 1382
4850 4171
1657 4171
488 1706
284 1706
202 2828
1818 2828
30 4097
2033 4097
4939 828
3489 828
3677 4995
3510 4995
2830 58
131 58
4038 2560
1117 2560
4036 802
204 802
2786 1507
881 1507
1615 958
2656 958
2220 2158
2402 2158
3938 4881
3997 4881
1829 4544
494 4544
4518 768
2092 768
2212 2952
1063 2952
4135 4563
1491 4563
709 196
4224 196
1845 3952
2288 3952
3485 3645
1561 3645
2761 2205
2285 2205
3579 2829
1907 2829
3484 4092
2805 4092
1915 3988
2010 3988
2578 2101
4667 2101
879 3901
4024 3901
899 2557
4145 2557
646 28
445 28
4208 1424
2411 1424
4832 3013
3232 3013
1521 2902
2584 2902
2559 248
1522 248
3253 1668
3310 1668
2319 4717
2048 4717
3796 71
2487 71
1563 3122
4378 3122
3034 4965
560 4965
982 180
3226 180
2197 1030
2462 1030
1798 4011
51 4011
1379 2293
4192 2293
2799 4614
2307 4614
113 3736
2622 3736
3490 2900
3646 2900
3365 4573
2587 4573
1345 103
3240 103
643 2998
2320 2998
1684 1528
1982 1528
2217 3908
1531 3908
2005 675
1644 675
4813 4319
4461 4319
1202 2192
2223 2192
4495 3972
4106 3972
2636 2353
1284 2353
957 2432
2210 2432
1825 1946
2854 1946
732 4616
2068 4616
3061 2590
2581 2590
627 1399
271 1399
1435 4242
3039 4242
263 3561
353 3561
1858 2820
4118 2820
1132 1088
1905 1088
3080 949
3639 949
3621 658
2259 658
3488 2604
4287 2604
4593 1073
576 1073
4059 767
3644 767
2103 1199
2261 1199
818 553
1269 553
3129 3706
4012 3706
1148 3759
3450 3759
4272 4311
1222 4311
3629 4691
3135 4691
1900 2295
3550 2295
4950 4928
1086 4928
1220 3278
1428 3278
2412 4931
3406 4931
3823 4469
3900 4469
559 4566
370 4566
1450 3870
2128 3870
753 4907
2061 4907
2165 4583
1397 4583
2691 4061
3053 4061
567 3673
324 3673
337 2500
4803 2500
1553 1017
16 1017
74 3616
3401 3616
2835 4651
3832 4651
4356 18
932 18
4273 587
2267 587
706 2398
4063 2398
4504 170
3307 170
232 4051
4078 4051
2145 4706
1201 4706
4361 4791
3730 4791
3636 360
1542 360
4008 2322
4962 2322
4747 3913
480 3913
3156 1430
784 1430
3076 390
2970 390
4392 11
2567 11
2510 1589
3699 1589
2782 3738
3512 3738
2750 4961
1388 4961
3419 677
4555 677
577 790
207 790
733 41
651 41
3672 4766
1290 4766
1991 4281
1672 4281
942 4207
2653 4207
331 179
3947 179
346 3453
2546 3453
515 4211
1560 4211
1611 1913
3745 1913
4025 2713
3234 2713
3405 3107
94 3107
3607 272
3724 272
4991 810
350 810
2491 2046
3557 2046
4499 3580
3163 3580
4798 2616
1793 2616
3650 540
4153 540
1444 2813
159 2813
4959 4021
3028 4021
4578 4606
711 4606
547 3152
1586 3152
1847 3818
1185 3818
955 3855
4869 3855
1248 4569
537 4569
143 2836
2539 2836
1527 3100
438 3100
4646 2323
1981 2323
3303 1711
3955 1711
2974 1068
4334 1068
3505 2437
2919 2437
757 1241
4712 1241
473 1296
1799 1296
2650 1994
460 1994
2861 4256
1605 4256
4858 1124
1252 1124
2298 4649
1505 4649
4451 4517
748 4517
2752 2736
490 2736
4457 2633
3294 2633
664 1237
4802 1237
3819 4759
1968 4759
1343 292
4479 292
2663 3268
2773 3268
4315 4941
1293 4941
558 2060
743 2060
4103 2872
1275 2872
3930 2522
3568 2522
2113 561
2308 561
2897 3572
3025 3572
2966 2620
1622 2620
670 2657
3120 2657
2215 4656
1654 4656
436 3106
4746 3106
2131 3971
99 3971
3862 2646
696 2646
3285 3474
3146 3474
3494 4172
3965 4172
