1000 1000
100 97
97 827
827 644
644 892
892 115
115 19
19 187
187 295
295 979
979 373
373 284
284 893
893 51
51 959
959 515
515 5
5 98
98 622
622 54
54 131
131 523
523 868
868 206
206 843
843 564
564 583
583 719
719 385
385 334
334 925
925 121
121 440
440 798
798 762
762 504
504 779
779 788
788 704
704 296
296 696
696 469
469 941
941 881
881 649
649 934
934 489
489 288
288 714
714 988
988 106
106 242
242 538
538 675
675 793
793 280
280 825
825 480
480 593
593 619
619 811
811 970
970 193
193 818
818 655
655 553
553 348
348 209
209 272
272 907
907 412
412 248
248 176
176 975
975 639
639 921
921 942
942 531
531 335
335 681
681 536
536 94
94 669
669 170
170 135
135 437
437 756
756 736
736 391
391 466
466 137
137 16
16 617
617 117
117 964
964 656
656 928
928 27
27 474
474 55
55 426
426 1
1 329
329 706
706 809
809 694
694 769
769 302
302 508
508 773
773 50
50 748
748 359
359 256
256 842
842 283
283 702
702 40
40 387
387 194
194 470
470 178
178 790
790 805
805 150
150 65
65 157
157 652
652 264
264 291
291 430
430 821
821 312
312 865
865 165
165 406
406 752
752 49
49 582
582 132
132 183
183 451
451 160
160 53
53 513
513 102
102 167
167 693
693 443
443 589
589 59
59 492
492 325
325 354
354 936
936 286
286 386
386 686
686 215
215 320
320 712
712 8
8 885
885 804
804 17
17 237
237 905
905 471
471 388
388 243
243 824
824 641
641 634
634 969
969 765
765 528
528 240
240 882
882 87
87 156
156 410
410 204
204 997
997 642
642 665
665 399
399 460
460 664
664 186
186 989
989 721
721 624
624 735
735 718
718 760
760 916
916 139
139 129
129 278
278 982
982 726
726 130
130 224
224 340
340 481
481 541
541 679
679 80
80 20
20 317
317 792
792 307
307 485
485 202
202 70
70 342
342 808
808 837
837 610
610 839
839 323
323 149
149 586
586 673
673 573
573 370
370 246
246 742
742 262
262 951
951 74
74 228
228 713
713 913
913 615
615 954
954 190
190 119
119 188
188 768
768 350
350 505
505 597
597 330
330 483
483 306
306 889
889 554
554 530
530 134
134 377
377 141
141 318
318 101
101 408
408 797
797 592
592 618
618 356
356 981
981 164
164 108
108 285
285 364
364 239
239 365
365 590
590 268
268 626
626 380
380 677
677 271
271 971
971 983
983 602
602 458
458 600
600 79
79 493
493 75
75 512
512 199
199 754
754 305
305 333
333 836
836 883
883 127
127 28
28 241
241 914
914 524
524 236
236 358
358 728
728 917
917 497
497 60
60 392
392 355
355 777
777 607
607 488
488 148
148 211
211 519
519 315
315 576
576 613
613 795
795 838
838 700
700 771
771 161
161 627
627 479
479 966
966 807
807 918
918 903
903 977
977 461
461 657
657 229
229 184
184 225
225 688
688 501
501 549
549 984
984 475
475 26
26 42
42 100
404 475
659 194
581 475
309 842
534 65
251 534
509 659
878 165
911 827
245 251
338 878
828 878
859 323
670 828
594 670
88 818
274 602
529 274
205 70
144 594
708 600
864 144
448 708
326 144
563 50
397 864
546 649
414 326
95 134
486 414
591 95
195 981
535 414
974 80
834 486
432 535
457 974
550 538
69 457
145 356
850 700
10 550
785 850
860 785
770 785
381 850
422 860
374 422
76 679
961 470
640 374
35 640
310 640
353 385
214 982
612 214
734 353
643 726
324 576
83 734
783 734
393 83
810 393
750 393
402 83
72 783
462 706
192 657
308 881
487 688
201 921
950 391
99 201
152 892
661 202
948 481
425 950
105 493
499 554
621 425
298 385
31 621
998 499
894 288
938 31
574 31
579 998
12 938
223 538
887 268
151 408
668 151
71 355
944 355
484 925
672 184
327 668
351 327
254 132
986 798
77 986
249 351
197 966
799 197
434 451
300 176
766 197
929 406
806 766
337 434
683 243
78 337
398 714
781 683
570 337
403 622
24 391
780 781
435 440
759 780
442 156
231 187
456 780
730 977
853 515
413 178
816 827
276 456
143 853
996 413
162 276
558 162
709 276
411 264
420 709
705 333
511 619
43 323
384 936
110 728
767 348
85 65
867 110
899 867
464 386
39 85
533 161
687 899
854 533
995 854
128 239
620 995
775 128
210 620
68 430
835 68
744 835
682 391
321 210
993 471
265 835
277 564
182 265
604 206
689 356
7 135
379 762
791 182
571 7
378 370
633 379
888 571
147 888
421 325
389 378
976 421
4 712
987 4
146 421
293 976
154 987
166 28
52 842
84 293
453 293
751 325
651 97
372 318
763 453
400 763
904 748
266 215
932 358
537 400
103 537
731 264
794 266
786 101
494 794
577 494
301 794
455 966
109 777
450 590
580 719
208 455
826 885
980 410
213 358
647 481
906 350
113 634
778 188
817 213
394 754
960 817
61 167
34 469
514 960
820 960
985 306
104 34
595 34
955 514
909 955
871 595
937 104
935 98
363 590
282 871
992 437
829 190
89 804
454 283
741 829
943 370
588 89
96 193
226 454
902 588
502 59
832 329
155 100
814 832
219 502
495 832
753 538
796 714
717 753
198 717
901 717
761 901
845 796
614 198
177 618
86 761
46 634
758 839
631 177
625 215
572 758
41 264
609 631
174 609
596 41
81 951
543 97
423 81
855 596
801 975
217 855
125 855
605 125
376 801
409 354
382 605
923 125
47 382
294 132
331 382
991 382
367 923
429 991
37 991
559 100
522 696
565 429
568 818
368 53
444 559
877 768
897 619
548 108
555 60
813 877
344 160
345 548
9 555
953 555
562 9
965 562
63 399
503 75
910 451
930 296
680 965
963 193
599 680
33 910
540 33
270 540
812 515
544 704
158 270
433 893
417 665
532 718
445 417
663 158
698 663
841 523
822 663
662 696
263 74
815 199
823 815
697 406
124 941
648 697
510 124
729 430
383 792
207 593
297 913
447 843
638 479
623 297
896 207
874 447
690 688
608 597
395 896
140 913
336 677
468 690
518 336
13 942
628 518
849 406
292 468
163 849
175 13
401 615
716 401
908 292
441 885
257 644
222 728
112 530
22 771
2 115
703 821
48 703
585 626
920 48
64 664
23 284
674 982
584 23
38 674
738 23
496 889
452 674
371 655
227 686
299 655
650 997
890 917
168 190
653 286
757 299
739 406
547 653
438 547
14 941
637 739
290 392
418 290
848 329
947 364
44 170
875 183
787 875
556 748
745 538
684 875
472 55
678 627
352 684
179 838
234 179
727 678
654 678
746 179
978 471
710 234
844 746
476 710
800 844
784 710
886 476
181 818
749 886
630 181
250 749
725 305
994 725
879 483
316 228
949 983
449 316
958 316
671 879
415 8
774 239
446 449
636 538
701 446
287 215
275 165
428 248
431 26
436 768
375 295
962 728
743 436
169 981
196 375
11 375
539 679
715 539
516 573
545 11
857 359
587 539
304 587
267 545
238 528
314 549
303 139
346 127
692 296
30 74
232 132
357 692
506 597
575 30
233 357
898 49
235 530
478 233
200 391
477 200
551 477
322 477
667 469
606 989
862 551
123 322
21 667
876 838
685 291
347 19
567 685
782 347
722 876
880 782
831 240
578 592
870 773
6 870
931 437
126 827
520 931
255 870
851 330
45 821
635 255
427 718
724 255
847 635
259 724
349 150
866 117
407 259
120 866
926 150
258 349
253 28
360 119
924 258
339 360
92 524
362 291
972 92
952 513
601 952
884 101
852 190
122 884
695 122
521 695
616 884
252 695
733 388
216 55
142 733
269 607
1000 252
203 586
999 475
313 364
658 975
212 460
491 129
973 491
57 313
569 483
676 474
776 973
646 973
772 959
666 772
118 469
107 821
172 176
691 666
459 107
990 188
526 172
900 370
919 990
830 459
912 919
737 912
557 272
369 842
289 988
858 737
133 97
598 369
507 858
723 264
629 133
660 723
846 629
180 629
552 777
189 17
171 660
153 180
3 153
711 307
915 189
603 915
869 153
361 305
260 312
872 127
699 869
173 202
311 260
221 704
424 821
62 699
467 311
390 808
138 424
967 390
29 760
419 818
927 967
940 721
396 139
281 927
933 187
56 795
191 396
632 396
819 977
566 56
895 632
247 819
645 566
720 186
891 247
611 645
18 611
833 18
90 891
36 135
473 833
136 473
185 157
343 8
230 36
15 136
218 230
439 386
319 721
82 15
517 218
939 268
560 615
863 523
244 82
498 209
861 237
946 863
707 610
73 528
341 73
968 861
922 946
803 199
114 73
789 341
465 53
463 922
159 463
91 706
25 320
279 91
261 25
755 793
542 798
856 921
873 982
58 358
32 769
416 873
490 19
482 416
802 437
945 482
116 482
67 116
740 116
93 802
527 945
220 296
405 997
111 527
273 93
764 111
66 593
525 405
840 764
332 525
328 664
561 626
732 60
747 134
366 328
957 305
956 561
500 957
