100 99
78 22
84 22
56 22
23 56
31 84
30 23
54 84
46 30
2 23
58 22
81 30
65 2
15 84
85 81
47 65
94 85
96 47
32 22
5 23
29 22
3 78
53 84
11 78
52 23
83 84
20 11
38 78
97 78
88 23
43 20
13 84
71 56
68 22
49 43
93 22
72 78
28 56
14 78
6 78
64 23
79 72
99 64
27 6
36 6
35 64
90 27
18 27
7 84
50 23
74 18
19 84
17 19
48 23
69 56
100 23
86 22
61 56
40 69
92 56
59 78
57 61
34 56
41 57
70 92
77 57
12 57
24 84
63 41
95 22
33 22
9 84
45 23
60 45
16 23
66 33
76 60
25 16
98 22
4 66
1 84
55 76
75 78
87 75
39 75
21 39
62 78
42 87
10 22
91 39
67 42
8 56
82 91
26 10
89 84
37 89
73 26
44 23
80 89
51 56
