100 99
87 17
56 87
19 17
88 56
22 87
5 88
80 56
25 22
82 80
75 25
21 80
40 80
28 82
41 75
36 21
95 19
97 19
90 19
53 41
76 87
24 95
23 76
2 76
11 17
47 19
57 56
49 56
15 49
89 49
78 19
62 88
79 62
99 62
31 89
71 79
64 79
9 31
7 71
84 19
32 56
6 9
93 32
48 19
43 87
52 88
73 56
14 56
35 48
51 88
70 88
91 17
81 17
12 91
65 88
100 19
66 100
8 88
45 17
27 45
94 88
50 45
18 56
86 94
39 87
26 88
37 26
61 39
20 88
68 61
55 61
33 61
34 19
59 33
46 34
67 55
54 59
96 34
3 96
10 17
72 17
58 19
74 56
98 58
60 98
63 60
13 58
29 74
30 88
77 87
1 13
83 19
16 1
69 30
85 83
38 85
42 56
4 88
44 19
92 19
