5000 4999
612 3413
1550 612
1112 612
1537 1550
13 1550
966 1112
4401 1112
3026 1537
1057 1537
3704 13
583 13
1974 966
4134 966
4248 4401
3637 4401
330 3026
440 3026
1903 1057
4979 1057
3766 3704
1074 3704
4774 583
2023 583
1828 1974
2563 1974
3001 4134
3990 4134
4259 4248
4047 4248
2915 3637
4676 3637
1243 330
1190 330
2794 440
4321 440
26 1903
3151 1903
4193 4979
2898 4979
1137 3766
3517 3766
1410 1074
898 1074
888 4774
3163 4774
4201 2023
2332 2023
918 1828
2782 1828
3437 2563
561 2563
3634 3001
2338 3001
491 3990
4515 3990
1116 4259
2938 4259
3953 4047
3472 4047
1389 2915
2627 2915
3730 4676
1846 4676
1825 1243
4069 1243
1113 1190
2985 1190
2270 2794
3310 2794
1887 4321
1421 4321
3466 26
4542 26
2807 3151
1494 3151
1758 4193
1380 4193
231 2898
4482 2898
1772 1137
2277 1137
1819 3517
4662 3517
2196 1410
62 1410
541 898
2318 898
2900 888
4457 888
2308 3163
3724 3163
4095 4201
342 4201
1060 2332
1337 2332
2968 918
2897 918
1108 2782
2177 2782
1078 3437
4445 3437
3441 561
2487 561
4388 3634
3249 3634
630 2338
4327 2338
4231 491
1356 491
4413 4515
4479 4515
3097 1116
932 1116
108 2938
763 2938
1786 3953
4060 3953
3182 3472
4299 3472
2496 1389
1804 1389
3844 2627
277 2627
641 3730
806 3730
4974 1846
425 1846
1648 1825
691 1825
467 4069
1416 4069
1028 1113
1683 1113
2419 2985
1246 2985
1318 2270
2824 2270
2062 3310
4899 3310
1211 1887
3779 1887
701 1421
486 1421
3149 3466
3363 3466
4426 4542
4543 4542
856 2807
1849 2807
1823 1494
2100 1494
3454 1758
3431 1758
2749 1380
2538 1380
267 231
694 231
2793 4482
61 4482
1297 1772
2529 1772
4461 2277
4427 2277
3925 1819
2533 1819
2557 4662
3161 4662
4972 2196
1174 2196
4640 62
2026 62
2609 541
1700 541
3166 2318
4803 2318
2436 2900
3159 2900
7 4457
1563 4457
2836 2308
4153 2308
4585 3724
4453 3724
996 4095
140 4095
3557 342
4240 342
2361 1060
954 1060
1359 1337
3613 1337
4481 2968
3922 2968
2304 2897
3573 2897
2059 1108
1072 1108
4845 2177
211 2177
4119 1078
2215 1078
3148 4445
3545 4445
3670 3441
1527 3441
2748 2487
4729 2487
4217 4388
24 4388
4637 3249
2521 3249
1397 630
3683 630
3660 4327
1199 4327
4607 4231
1309 4231
1919 1356
2883 1356
278 4413
1729 4413
1335 4479
914 4479
814 3097
2373 3097
3233 932
4431 932
4196 108
1837 108
1998 763
4839 763
609 1786
4631 1786
4468 4060
3571 4060
147 3182
804 3182
4511 4299
3146 4299
2086 2496
3410 2496
1704 1804
3270 1804
3770 3844
1907 3844
2723 277
990 277
3368 641
299 641
2841 806
481 806
4104 4974
193 4974
4396 425
4744 425
1851 1648
343 1648
4993 691
4725 691
2665 467
106 467
4710 1416
4170 1416
1699 1028
1367 1028
4947 1683
3856 1683
3127 2419
3165 2419
2663 1246
339 1246
1650 1318
3168 1318
852 2824
1345 2824
942 2062
1384 2062
2548 4899
2367 4899
55 1211
1328 1211
2886 3779
3593 3779
4776 701
935 701
1120 486
3983 486
4587 3149
3858 3149
1277 3363
4238 3363
1245 4426
4950 4426
2456 4543
4756 4543
4425 856
4188 856
4072 1849
2765 1849
2797 1823
329 1823
1743 2100
23 2100
4890 3454
2295 3454
3721 3431
2075 3431
844 2749
2838 2749
1266 2538
1608 2538
2717 267
2003 267
1148 694
4065 694
557 2793
3758 2793
3832 61
621 61
4122 1297
2823 1297
199 2529
1018 2529
96 4461
4319 4461
4781 4427
1040 4427
3028 3925
3782 3925
2719 2533
650 2533
3647 2557
3126 2557
51 3161
1784 3161
3820 4972
3181 4972
3927 1174
753 1174
177 4640
120 4640
2244 2026
2981 2026
4043 2609
4377 2609
2406 1700
4949 1700
3860 3166
802 3166
69 4803
1716 4803
2355 2436
4829 2436
4830 3159
3648 3159
4503 7
2962 7
903 1563
3694 1563
879 2836
4497 2836
4633 4153
953 4153
1744 4585
833 4585
464 4453
2709 4453
3662 996
3818 996
4521 140
705 140
2064 3557
744 3557
4495 4240
392 4240
1949 2361
2716 2361
421 954
2861 954
508 1359
4465 1359
640 3613
1437 3613
907 4481
4227 4481
2311 3922
2555 3922
2214 2304
1058 2304
1071 3573
334 3573
3680 2059
611 2059
3823 1072
1274 1072
4393 4845
2401 4845
2837 211
4452 211
2384 4119
3073 4119
2666 2215
2432 2215
803 3148
1996 3148
3139 3545
4131 3545
1042 3670
1829 3670
281 1527
325 1527
1460 2748
162 2748
219 4729
137 4729
2394 4217
492 4217
4139 24
4173 24
72 4637
3867 4637
2573 2521
3423 2521
779 1397
845 1397
736 3683
1414 3683
2924 3660
4600 3660
735 1199
3703 1199
2400 4607
1508 4607
3130 1309
4612 1309
4883 1919
3017 1919
4548 2883
1441 2883
4389 278
3885 278
1142 1729
4340 1729
1283 1335
2941 1335
1062 914
2149 914
309 814
800 814
1406 2373
2959 2373
2386 3233
3328 3233
4261 4431
3714 4431
2753 4196
2696 4196
1442 1837
4133 1837
1491 1998
46 1998
2611 4839
761 4839
2372 609
1054 609
552 4631
1119 4631
664 4468
3841 4468
2166 3571
2125 3571
1808 147
2316 147
3513 804
155 804
3913 4511
4117 4511
2739 3146
2868 3146
2054 2086
4983 2086
511 3410
1149 3410
335 1704
1194 1704
4595 3270
3838 3270
967 3770
1795 3770
4181 1907
2888 1907
2439 2723
2922 2723
2931 990
266 990
4998 3368
3324 3368
2890 299
657 299
490 2841
2673 2841
2977 481
3790 481
3056 4104
3416 4104
1358 193
4367 193
581 4396
3389 4396
4963 4744
4928 4744
998 1851
141 1851
3696 343
4287 343
1680 4993
3564 4993
3995 4725
1937 4725
4387 2665
168 2665
4620 106
2955 106
1619 4710
1578 4710
3988 4170
3390 4170
3027 1699
4880 1699
4967 1367
4164 1367
288 4947
1925 4947
3058 3856
2006 3856
4557 3127
449 3127
4145 3165
3418 3165
4012 2663
667 2663
3909 339
4940 339
385 1650
1070 1650
764 3168
3256 3168
54 852
610 852
963 1345
2879 1345
4107 942
2889 942
1613 1384
4663 1384
1847 2548
2703 2548
4014 2367
2871 2367
3760 55
2859 55
752 1328
1141 1328
3817 2886
4512 2886
3272 3593
4148 3593
4506 4776
303 4776
39 935
422 935
3060 1120
1603 1120
537 3983
1623 3983
3288 4587
1176 4587
2752 3858
4753 3858
3880 1277
3559 1277
2554 4238
2335 4238
3862 1245
2446 1245
4531 4950
1118 4950
4751 2456
3309 2456
3592 4756
2448 4756
2287 4425
3529 4425
2290 4188
938 4188
4392 4072
273 4072
4507 2765
807 2765
3459 2797
2092 2797
1205 329
2579 329
3772 1743
2167 1743
2783 23
1576 23
1081 4890
2620 4890
3208 2295
1594 2295
3533 3721
1741 3721
432 2075
2810 2075
3271 844
3123 844
4809 2838
2884 2838
1490 1266
1130 1266
2788 1608
3575 1608
2978 2717
912 2717
593 2003
1255 2003
1418 1148
878 1148
1236 4065
1322 4065
2407 557
4273 557
1315 3758
4412 3758
3541 3832
327 3832
2608 621
4411 621
2370 4122
1840 4122
2229 2823
2773 2823
3295 199
1114 199
4872 1018
3043 1018
3194 96
4313 96
4574 4319
3025 4319
4642 4781
2649 4781
1129 1040
4733 1040
3681 3028
2465 3028
4567 3782
4378 3782
4985 2719
3439 2719
4218 650
1641 650
2391 3647
3567 3647
4655 3126
1029 3126
4298 51
283 51
2531 1784
2061 1784
772 3820
4423 3820
2751 3181
2122 3181
4035 3927
4514 3927
296 753
668 753
3687 177
2635 177
1456 120
311 120
2189 2244
227 2244
2949 2981
979 2981
3372 4043
186 4043
3667 4377
3672 4377
1235 2406
1547 2406
3131 4949
3780 4949
1155 3860
1067 3860
2474 802
1065 802
4066 69
530 69
4428 1716
4719 1716
4013 2355
206 2355
2197 4829
4846 4829
3109 4830
1638 4830
3213 3648
2862 3648
1423 4503
574 4503
3172 2962
732 2962
4801 903
696 903
2219 3694
3984 3694
4471 879
240 879
2736 4497
3699 4497
4212 4633
3392 4633
4975 953
949 953
801 1744
2145 1744
3322 833
1314 833
1085 464
272 464
869 2709
3444 2709
2799 3662
1872 3662
3469 3818
2349 3818
2664 4521
2545 4521
2920 705
3121 705
2708 2064
2348 2064
3135 744
4553 744
721 4495
3419 4495
2560 392
3865 392
1820 1949
1730 1949
2271 2716
2248 2716
257 421
1522 421
1344 2861
3715 2861
1447 508
3708 508
670 4465
3597 4465
3101 640
2252 640
1564 1437
1844 1437
2240 907
4335 907
2600 4227
1082 4227
3803 2311
3003 2311
3302 2555
3340 2555
2119 2214
1673 2214
3473 1058
4147 1058
3525 1071
452 1071
284 334
3627 334
943 3680
2296 3680
3317 611
3539 611
4608 3823
545 3823
2222 1274
3188 1274
1374 4393
1151 4393
2205 2401
1832 2401
2500 2837
4946 2837
183 4452
675 4452
1281 2384
4965 2384
1386 3073
1422 3073
4910 2666
1850 2666
702 2432
622 2432
2961 803
4435 803
4827 1996
4420 1996
1645 3139
3819 3139
1313 4131
242 4131
2055 1042
2615 1042
1290 1829
1207 1829
496 281
1479 281
4677 325
2858 325
3720 1460
80 1460
3512 162
3426 162
1507 219
863 219
4048 137
3040 137
2071 2394
890 2394
973 492
2457 492
4309 4139
1530 4139
3485 4173
4593 4173
3066 72
1935 72
4977 3867
499 3867
3656 2573
2466 2573
1285 3423
178 3423
656 779
4527 779
1762 845
2729 845
2570 736
2763 736
1505 1414
2028 1414
2640 2924
2918 2924
3924 4600
411 4600
4492 735
1372 735
2524 3703
1426 3703
2453 2400
867 2400
1444 1508
259 1508
4379 3130
2725 3130
4661 4612
2221 4612
3494 4883
1411 4883
3789 3017
1782 3017
1950 4548
3523 4548
2818 1441
90 1441
4103 4389
1144 4389
1725 3885
2263 3885
2134 1142
4558 1142
4851 4340
2936 4340
3761 1283
633 1283
1465 2941
2804 2941
3022 1062
2381 1062
1170 2149
756 2149
4109 309
4913 309
2213 800
2389 800
2424 1406
2187 1406
1763 2959
4136 2959
3433 2386
2588 2386
2517 3328
1809 3328
190 4261
874 4261
3142 3714
4341 3714
2525 2753
3095 2753
4250 2696
1662 2696
715 1442
3587 1442
4786 4133
3903 4133
877 1491
1757 1491
1133 46
3689 46
2690 2611
671 2611
2385 761
799 761
3348 2372
4328 2372
3074 1054
1466 1054
2576 552
1656 552
1222 1119
1912 1119
2111 664
3495 664
4932 3841
4672 3841
597 2166
2844 2166
2633 2125
68 2125
1298 1808
4075 1808
446 2316
4980 2316
3516 3513
341 3513
4438 155
1015 155
2080 3913
2910 3913
203 4117
4088 4117
241 2739
3464 2739
2415 2868
308 2868
4369 2054
3023 2054
2626 4983
1908 4983
1351 511
513 511
4390 1149
889 1149
3882 335
4936 335
1993 1194
766 1194
4470 4595
2264 4595
859 3838
588 3838
1799 967
2004 967
3630 1795
2668 1795
3562 4181
3939 4181
1429 2888
2475 2888
3301 2439
3536 2439
187 2922
1938 2922
3335 2931
1635 2931
2694 266
999 266
2830 4998
3334 4998
3112 3324
3011 3324
4968 2890
3054 2890
2442 657
5000 657
4084 490
1407 490
1099 2673
4906 2673
3157 2977
2842 2977
1724 3790
4773 3790
851 3056
153 3056
4120 3416
1338 3416
326 1358
3519 1358
790 4367
4824 4367
4816 581
2463 581
2679 3389
4996 3389
4951 4963
674 4963
4114 4928
285 4928
139 998
4779 998
1092 141
3448 141
420 3696
2607 3696
365 4287
2594 4287
217 1680
576 1680
3508 3564
1026 3564
2704 3995
1636 3995
2058 1937
3238 1937
2353 4387
2289 4387
1039 168
1362 168
4228 4620
4654 4620
4264 2955
2182 2955
271 1619
4815 1619
4 1578
4015 1578
538 3988
916 3988
3895 3390
2074 3390
4651 3027
14 3027
2239 4880
1301 4880
1822 4967
922 4967
389 4164
3305 4164
4764 288
3997 288
4905 1925
4086 1925
4416 3058
4812 3058
3344 2006
126 2006
4429 4557
3668 4557
1952 449
993 449
1625 4145
4366 4145
1880 3418
2919 3418
4819 4012
4643 4012
1409 667
4442 667
1468 3909
4314 3909
268 4940
3255 4940
4167 385
4105 385
3610 1070
4717 1070
2329 764
1712 764
2929 3256
1802 3256
3203 54
2106 54
297 610
3115 610
2595 963
3124 963
3265 2879
2614 2879
3550 4107
580 4107
1293 2889
2209 2889
1766 1613
4477 1613
560 4663
3397 4663
423 1847
2587 1847
1259 2703
930 2703
1249 4014
4257 4014
699 2871
344 2871
649 3760
2972 3760
2251 2859
3591 2859
4385 752
1388 752
626 1141
3246 1141
4684 3817
3651 3817
3843 4512
850 4512
2276 3272
3650 3272
3052 4148
921 4148
4566 4506
1793 4506
1852 303
1483 303
195 39
4671 39
3204 422
414 422
4999 3060
146 3060
2738 1603
1063 1603
787 537
210 537
348 1623
1755 1623
380 3288
1193 3288
2894 1176
182 1176
2979 2752
899 2752
4926 4753
3327 4753
1181 3880
708 3880
4290 3559
1271 3559
316 2554
1354 2554
551 2335
2411 2335
1068 3862
4049 3862
3360 2446
1976 2446
3268 4531
570 4531
356 1118
1857 1118
3584 4751
575 4751
1 3309
1582 3309
218 3592
1981 3592
1771 2448
2613 2448
3297 2287
4619 2287
1247 3529
1506 3529
986 2290
1088 2290
3563 938
3640 938
1687 4392
843 4392
1596 273
4720 273
3486 4507
3752 4507
4242 807
1616 807
731 3459
4541 3459
4989 2092
784 2092
4894 1205
1023 1205
57 2579
1435 2579
4246 3772
518 3772
4254 2167
3210 2167
1861 2783
4984 2783
738 1576
4234 1576
2746 1081
3356 1081
15 2620
74 2620
250 3208
1711 3208
1631 1594
4315 1594
2128 3533
4415 3533
1038 1741
3345 1741
4841 432
2625 432
4052 2810
2951 2810
2152 3271
488 3271
4496 3123
3279 3123
547 4809
2942 4809
2913 2884
941 2884
4220 1490
3538 1490
4106 1130
2610 1130
3000 2788
689 2788
2254 3575
4908 3575
3619 2978
3822 2978
3801 912
3952 912
4274 593
4446 593
3757 1255
3878 1255
1287 1418
1555 1418
3921 878
2473 878
3276 1236
1930 1236
1703 1322
1643 1322
136 2407
4549 2407
669 4273
2195 4273
739 1315
522 1315
3824 4412
4480 4412
1240 3541
531 3541
1770 327
4752 327
4798 2608
2846 2608
2993 4411
3896 4411
661 2370
2754 2370
4614 1840
4939 1840
47 2229
2451 2229
717 2773
3996 2773
459 3295
1488 3295
1017 1114
402 1114
2097 4872
1918 4872
3975 3043
1471 3043
3141 3194
1360 3194
4606 4313
4785 4313
2849 4574
1049 4574
3227 3025
1413 3025
3323 4642
4795 4642
3174 2649
2527 2649
512 1129
683 1129
637 4733
3425 4733
4833 3681
1103 3681
4991 2465
2939 2465
3665 4567
63 4567
3889 4378
4375 4378
4168 4985
84 4985
2581 3439
4450 3439
1902 4218
4414 4218
194 1641
817 1641
4211 2391
4579 2391
4862 3567
4632 3567
2578 4655
3785 4655
2362 1029
3021 1029
1899 4298
3719 4298
2817 283
1484 283
594 2531
3590 2531
3615 2061
1665 2061
3231 772
351 772
1164 4423
2772 4423
4942 2751
1121 2751
1651 2122
4459 2122
2302 4035
3886 4035
1501 4514
4766 4514
2115 296
185 296
1043 668
969 668
3783 3687
4605 3687
733 2635
3642 2635
3632 1456
4591 1456
382 311
606 311
4467 2189
3796 2189
276 227
3659 227
4800 2949
2647 2949
4325 979
1012 979
3728 3372
2757 3372
4660 186
482 186
3693 3667
1101 3667
2960 3672
1843 3672
228 1235
767 1235
3304 1547
1438 1547
1166 3131
4308 3131
1627 3780
2881 3780
2903 1155
498 1155
2677 1067
2104 1067
2688 2474
2112 2474
3281 1065
2280 1065
3581 4066
1095 4066
4121 530
123 530
607 4428
926 4428
2330 4719
2063 4719
2998 4013
166 4013
1104 206
2013 206
4955 2197
1376 2197
4032 4846
1891 4846
2050 3109
42 3109
4455 1638
3829 1638
1392 3213
2230 3213
3946 2862
4266 2862
4067 1423
1947 1423
4332 574
4902 574
864 3172
3020 3172
4656 732
1634 732
4727 4801
4159 4801
4316 696
911 696
4748 2219
4539 2219
2777 3984
4371 3984
361 4471
2674 4471
2144 240
1524 240
412 2736
11 2736
1787 3699
2756 3699
3609 4212
1860 4212
3578 3392
484 3392
4306 4975
1265 4975
3809 949
2099 949
4194 801
4161 801
838 2145
4205 2145
4424 3322
3807 3322
3998 1314
1797 1314
2843 1085
1607 1085
2431 272
506 272
3037 869
2303 869
2660 3444
4599 3444
2042 2799
2113 2799
1218 1872
3897 1872
1756 3469
2727 3469
2740 2349
4668 2349
4297 2664
3920 2664
1025 2545
3406 2545
3499 2920
3358 2920
4166 3121
1024 3121
2530 2708
2585 2708
2376 2348
4055 2348
3938 3135
4925 3135
4956 4553
110 4553
2514 721
3016 721
1096 3419
3614 3419
4063 2560
114 2560
1549 3865
4941 3865
1237 1820
2212 1820
989 1730
695 1730
1734 2271
2966 2271
3117 2248
377 2248
3655 257
1983 257
3443 1522
3970 1522
2623 1344
3470 1344
1201 3715
3954 3715
865 1447
2762 1447
364 3708
1684 3708
1955 670
952 670
78 3597
3220 3597
1420 3101
494 3101
1915 2252
3070 2252
2184 1564
30 1564
2864 1844
222 1844
124 2240
3874 2240
4667 4335
2577 4335
3481 2600
2956 2600
3050 1082
4919 1082
519 3803
3831 3803
2153 3003
4544 3003
1234 3302
1862 3302
793 3340
3936 3340
1677 2119
3346 2119
1020 1673
997 1673
1048 3473
2350 3473
1978 4147
388 4147
4243 3525
4053 3525
2526 452
2012 452
2820 284
2009 284
417 3627
2211 3627
2989 943
2203 943
3688 2296
1485 2296
1349 3317
2351 3317
2223 3539
2371 3539
3090 4608
480 4608
4162 545
573 545
261 2222
2596 2222
905 3188
3475 3188
3292 1374
500 1374
4342 1151
4519 1151
2775 2205
1513 2205
2354 1832
2847 1832
3370 2500
2193 2500
2840 4946
3125 4946
1554 183
1128 183
64 675
3628 675
3552 1281
1905 1281
521 4965
4804 4965
1776 1386
1480 1386
3384 1422
4707 1422
3278 4910
363 4910
3716 1850
443 1850
1671 702
2242 702
1134 622
4001 622
4770 2961
4074 2961
2046 4435
2870 4435
1778 4827
2481 4827
4755 4420
3114 4420
3237 1645
4225 1645
3257 3819
3248 3819
684 1313
1878 1313
3595 242
4930 242
408 2055
4003 2055
3230 2615
1718 2615
1973 1290
3373 1290
4743 1207
286 1207
2275 496
3267 496
1239 1479
3942 1479
3914 4677
1654 4677
8 2858
812 2858
3951 3720
4858 3720
4918 80
3601 80
620 3512
4203 3512
2827 3426
3106 3426
982 1507
437 1507
2352 863
3064 863
1733 4048
613 4048
1229 3040
1412 3040
1280 2071
3746 2071
3611 890
1979 890
1570 973
2342 973
2124 2457
4206 2457
4223 4309
1370 4309
2273 1530
3395 1530
2895 3485
3958 3485
1147 4593
2575 4593
4621 3066
1868 3066
4679 1935
2702 1935
1064 4977
4822 4977
109 499
4268 499
3788 3656
2724 3656
589 2466
2345 2466
2339 1285
2714 1285
4023 178
3725 178
2047 656
1467 656
2874 4527
1261 4527
994 1762
3712 1762
1217 2729
4487 2729
3381 2570
4478 2570
2191 2763
1001 2763
1241 1505
908 1505
1515 2028
3045 2028
2056 2640
750 2640
18 2918
1541 2918
4901 3924
4322 3924
1284 411
4073 411
37 4492
3579 4492
880 1372
3956 1372
2031 2524
853 2524
3542 1426
1136 1426
3555 2453
3657 2453
3247 867
2001 867
920 1444
600 1444
149 259
235 259
2164 4379
256 4379
359 2725
358 2725
816 4661
1109 4661
3343 2221
4000 2221
3273 3494
3582 3494
239 1411
2253 1411
2580 3789
747 3789
36 1782
1557 1782
1213 1950
453 1950
4775 3523
4232 3523
3120 2818
2336 2818
1792 90
176 90
1888 4103
386 4103
1052 1144
409 1144
1221 1725
1094 1725
1813 2263
2885 2263
4697 2134
770 2134
603 4558
466 4558
1637 4851
368 4851
3103 2936
468 2936
4653 3761
1871 3761
92 633
822 633
4958 1465
2327 1465
4436 2804
3013 2804
275 3022
1214 3022
1657 2381
4533 2381
2421 1170
125 1170
2680 756
2140 756
2574 4109
22 4109
1661 4913
4027 4913
3743 2213
65 2213
3570 2389
4611 2389
1696 2424
4870 2424
2045 2187
238 2187
3707 1763
1877 1763
4762 4136
1836 4136
4085 3433
2259 3433
1495 2588
4185 2588
2564 2517
2632 2517
1476 1809
2480 1809
917 190
3104 190
1154 874
295 874
4586 3142
3286 3142
3911 4341
1011 4341
2805 2525
3076 2525
2801 3095
4432 3095
2072 4250
4970 4250
4222 1662
4249 1662
4233 715
693 715
2806 3587
3053 3587
4670 4786
3253 4786
1117 3903
1509 3903
662 877
3534 877
2126 1757
858 1757
2536 1133
1612 1133
3727 3689
730 3689
3467 2690
3450 2690
315 671
1958 671
76 2385
4828 2385
1463 799
755 799
1075 3348
3402 3348
2404 4328
2997 4328
3733 3074
4440 3074
592 1466
3321 1466
431 2576
871 2576
171 1656
4628 1656
2550 1222
4706 1222
2241 1912
318 1912
1022 2111
3546 2111
1890 3495
619 3495
4923 4932
4524 4932
1433 4672
724 4672
207 597
4498 597
4597 2844
1197 2844
4916 2633
4962 2633
3565 68
4138 68
3140 1298
2440 1298
2603 4075
1546 4075
31 446
3264 446
1779 4980
133 4980
2645 3516
3726 3516
489 341
67 341
1874 4438
4742 4438
1027 1015
252 1015
3164 2080
1230 2080
2970 2910
4681 2910
4689 203
3985 203
3222 4088
4042 4088
782 241
1143 241
1834 3464
1629 3464
4289 2415
1153 2415
3749 308
3987 308
623 4369
2143 4369
2678 3023
4572 3023
3556 2626
4575 2626
1833 1908
743 1908
4887 1351
253 1351
444 513
3511 513
1803 4390
4561 4390
3079 889
1470 889
3119 3882
2220 3882
3690 4936
229 4936
955 1993
366 1993
554 766
1296 766
3480 4470
4018 4470
2043 2264
1391 2264
2450 859
1542 859
542 588
2691 588
1330 1799
1408 1799
4933 2004
255 2004
436 3630
1093 3630
651 2668
2887 2668
83 3562
4636 3562
4952 3939
2501 3939
3547 1429
2683 1429
841 2475
2360 2475
3870 3301
2863 3301
2137 3536
3432 3536
3548 187
4351 187
1510 1938
1077 1938
1156 3335
1286 3335
3465 1635
3239 1635
1073 2694
2178 2694
1644 999
4610 999
2155 2830
2950 2830
4596 3334
652 3334
3460 3112
3739 3112
349 3011
642 3011
4116 4968
454 4968
3362 3054
2965 3054
4855 2442
4765 2442
346 5000
2568 5000
1478 4084
1946 4084
188 1407
2713 1407
4422 1099
4156 1099
3966 4906
2750 4906
3191 3157
891 3157
4295 2842
1172 2842
1219 1724
3697 1724
254 4773
19 4773
1864 851
1982 851
2906 153
375 153
4355 4120
2096 4120
2168 1338
145 1338
3453 326
2522 326
2044 3519
1457 3519
1842 790
2835 790
1540 4824
374 4824
985 4816
1708 4816
2000 2463
1941 2463
1694 2679
4695 2679
1573 4996
3228 4996
4033 4951
198 4951
639 674
1436 674
3826 4114
1953 4114
2298 285
2467 285
362 139
2731 139
2795 4779
2282 4779
150 1092
2698 1092
3403 3448
1396 3448
3976 420
1373 420
4329 2607
895 2607
3474 365
742 365
3859 2594
4028 2594
1985 217
3933 217
4680 576
3653 576
532 3508
2256 3508
4778 1026
3907 1026
4626 2704
471 2704
4592 1636
4336 1636
728 2058
2116 2058
1821 3238
2584 3238
122 2353
3717 2353
901 2289
1720 2289
2882 1039
2036 1039
2778 1362
274 1362
1606 4228
4155 4228
828 4654
2711 4654
3576 4264
2535 4264
338 2182
1320 2182
3664 271
4624 271
4888 4815
604 4815
791 4
2399 4
4589 4015
112 4015
3383 538
1705 538
3482 916
1069 916
4807 3895
3767 3895
2947 2074
3816 2074
526 4651
2593 4651
2107 14
539 14
842 2239
543 2239
1514 1301
3461 1301
2027 1822
4904 1822
4362 922
461 922
3737 389
4745 389
2449 3305
3365 3305
2461 4764
2118 4764
1489 3997
3750 3997
4255 4905
3963 4905
1544 4086
85 4086
3411 4416
1691 4416
1736 4812
957 4812
3347 3344
1294 3344
2207 126
4802 126
1405 4429
3549 4429
2081 3668
3643 3668
1933 1952
2435 1952
4929 993
2996 993
1083 1625
1350 1625
2850 4366
4347 4366
1450 1880
605 1880
1308 2919
1896 2919
1288 4819
4560 4819
3830 4643
4209 4643
2180 1409
1551 1409
2944 4442
3436 4442
1695 1468
4127 1468
1963 4314
1105 4314
3887 268
478 268
456 3255
1666 3255
571 4167
1329 4167
1898 4105
2839 4105
4070 3610
2912 3610
1498 4717
2558 4717
2896 2329
4041 2329
3091 1712
3375 1712
876 2929
142 2929
1007 1802
4790 1802
1196 3203
3332 3203
3535 2106
1617 2106
3394 297
3691 297
4990 3115
215 3115
4722 2595
719 2595
965 3124
2546 3124
4386 3265
4397 3265
101 2614
2018 2614
4826 3550
4509 3550
1939 580
1355 580
4020 1293
4523 1293
2174 2209
1432 2209
3445 1766
4659 1766
1986 4477
3094 4477
3616 560
4895 560
2281 3397
3038 3397
43 423
4304 423
2994 2587
2974 2587
3319 1259
1475 1259
734 930
290 930
2707 1249
2730 1249
887 4257
1262 4257
3654 699
1883 699
2901 344
1920 344
4687 649
4526 649
706 2972
4349 2972
4546 2251
1921 2251
3107 3591
4953 3591
3458 4385
4831 4385
1972 1388
3061 1388
3827 626
429 626
4994 3246
672 3246
379 4684
172 4684
1924 3651
582 3651
4210 3843
1528 3843
1260 850
1533 850
143 2276
4280 2276
1525 3650
251 3650
2250 3052
1461 3052
1688 921
3528 921
2320 4566
4402 4566
2258 1793
1863 1793
2014 1852
3349 1852
249 1483
3786 1483
1675 195
28 195
1702 4671
1989 4671
2243 3204
4674 3204
2069 414
4323 414
2790 4999
3442 4999
1873 146
3854 146
1539 2738
1800 2738
2102 1063
2257 1063
3329 787
608 787
134 210
4160 210
3802 348
3254 348
4382 1755
4638 1755
442 380
1398 380
2591 1193
1045 1193
3393 2894
1586 2894
618 182
2129 182
3096 2979
1773 2979
2815 899
4214 899
4102 4926
1278 4926
1560 3327
2181 3327
1033 1181
213 1181
434 708
4750 708
3624 4290
1659 4290
548 1271
882 1271
3731 316
1951 316
394 1354
3791 1354
2374 551
3711 551
1251 2411
3242 2411
2821 1068
4931 1068
1827 4049
3522 4049
4326 3360
2171 3360
1794 1976
1204 1976
1132 3268
49 3268
3005 570
714 570
1965 356
4966 356
4623 1857
1600 1857
4363 3584
191 3584
487 575
393 575
3378 1
4518 1
2325 1582
1368 1582
322 218
2136 218
2198 1981
1282 1981
12 1771
2638 1771
4869 2613
910 2613
634 3297
4142 3297
3635 4619
3280 4619
3447 1247
3753 1247
4310 1506
704 1506
2246 986
2460 986
2078 1088
372 1088
960 3563
1242 3563
2123 3640
1173 3640
797 1687
1310 1687
244 843
3787 843
4269 1596
2927 1596
2030 4720
1948 4720
686 3486
4882 3486
1399 3752
3993 3752
4865 4242
2176 4242
590 1616
2033 1616
1477 731
3063 731
1906 4541
4772 4541
3078 4989
3137 4989
4698 784
2926 784
113 4894
4924 4894
3033 1023
3004 1023
2427 57
1167 57
3219 1435
3477 1435
485 4246
2769 4246
757 518
426 518
3810 4254
3241 4254
1455 3210
3798 3210
3626 1861
509 1861
247 4984
1394 4984
678 738
2569 738
616 4234
3777 4234
962 2746
3261 2746
1520 3356
71 3356
2002 15
355 15
4849 74
4554 74
718 250
1512 250
3904 1711
2471 1711
563 1631
3353 1631
4718 4315
3805 4315
4704 2128
1440 2128
2808 4415
2779 4415
4598 1038
3487 1038
4713 3345
3046 3345
2051 4841
3684 4841
4559 2625
4036 2625
2405 4052
3355 4052
304 2951
1816 2951
3751 2152
4960 2152
924 488
1567 488
378 4496
144 4496
4504 3279
4699 3279
447 547
3900 547
2684 2942
644 2942
4364 2913
4118 2913
3428 941
3636 941
404 4220
3185 4220
3845 3538
2403 3538
1459 4106
3180 4106
4716 2610
3427 2610
4096 3000
180 3000
4799 689
4276 689
4650 2254
1719 2254
4176 4908
4784 4908
323 3619
3318 3619
1186 3822
4678 3822
722 3801
2344 3801
1999 3952
70 3952
4123 4274
3524 4274
4400 4446
4346 4446
3740 3757
3799 3757
4271 3878
4520 3878
614 1287
1363 1287
2387 1555
4922 1555
3235 3921
4832 3921
3679 2473
805 2473
2999 3276
224 3276
2379 1930
811 1930
4911 1703
1473 1703
1014 1643
2781 1643
3518 136
809 136
4208 4549
3357 4549
2470 669
2732 669
2904 2195
4265 2195
3883 739
170 739
2571 522
2274 522
1518 3824
829 3824
4692 4480
1739 4480
3483 1240
835 1240
391 531
4286 531
4083 1770
517 1770
3974 4752
4921 4752
2741 4798
4683 4798
3916 2846
3775 2846
221 2993
4580 2993
624 3896
4613 3896
1967 661
370 661
4031 2754
3959 2754
972 4614
936 4614
2357 4939
4878 4939
2238 47
2179 47
3062 2451
520 2451
3901 717
658 717
4345 3996
1892 3996
2932 459
2079 459
3252 1488
2592 1488
1639 1017
1200 1017
175 402
3912 402
225 2097
1672 2097
1717 1918
4835 1918
577 3975
2390 3975
94 1471
258 1471
1493 3141
1831 3141
448 1360
4057 1360
1858 4606
1568 4606
4135 4785
1553 4785
3705 2849
3156 2849
2957 1049
2675 1049
1375 3227
4174 3227
4200 1413
4988 1413
4647 3323
1866 3323
4408 4795
4552 4795
2622 3174
529 3174
4877 2527
4763 2527
2743 512
2420 512
3083 683
163 683
2852 637
4150 637
3251 3425
2784 3425
3815 4833
2940 4833
4154 1103
2146 1103
3596 4991
3243 4991
1228 2939
3561 2939
1856 3665
3456 3665
3380 63
3209 63
3364 3889
89 3889
4008 4375
1777 4375
2715 4168
119 4168
41 84
1031 84
3673 2581
4513 2581
3386 4450
1597 4450
1580 1902
824 1902
2392 4414
971 4414
1632 194
4230 194
1747 817
983 817
3800 4211
4747 4211
458 4579
353 4579
2975 4862
4594 4862
3722 4632
2935 4632
3607 2578
2077 2578
501 3785
4463 3785
660 2362
3620 2362
1610 3021
2024 3021
333 1899
3781 1899
3980 3719
2103 3719
3729 2817
2204 2817
4657 1484
3530 1484
1620 594
4113 594
445 3590
716 3590
3804 3615
3075 3615
810 1665
2559 1665
4398 3231
158 3231
919 351
2408 351
1728 1164
1331 1164
725 2772
3795 2772
1272 4942
2299 4942
2088 1121
2875 1121
4044 1651
2444 1651
4256 4459
2147 4459
2642 2302
777 2302
2249 3886
944 3886
2549 1501
3067 1501
317 4766
181 4766
2094 2115
2331 2115
4076 185
4350 185
3175 1043
3603 1043
2834 969
1710 969
3902 3783
1706 3783
40 4605
2491 4605
2651 733
2483 733
4108 3642
3438 3642
707 3632
3808 3632
4615 4591
2098 4591
4810 382
3732 382
157 606
1327 606
677 4467
2987 4467
3006 3796
196 3796
4562 276
2307 276
4971 3659
1210 3659
1347 4800
2110 4800
510 2647
1628 2647
1169 4325
4581 4325
4320 1012
337 1012
1765 3728
1713 3728
4485 2757
3408 2757
111 4660
3132 4660
1895 482
4198 482
4645 3693
830 3693
294 1101
1916 1101
477 2960
848 2960
1910 1843
3059 1843
3116 228
4191 228
2621 767
3275 767
3792 3304
1047 3304
1646 1438
4935 1438
2728 1166
2697 1166
3189 4308
3765 4308
4944 1627
4441 1627
107 2881
862 2881
4407 2903
4771 2903
3839 498
1206 498
703 2677
3521 2677
950 2104
3429 2104
839 2688
4516 2688
4126 2112
3899 2112
1960 3281
302 3281
2774 2280
3098 2280
711 3581
2433 3581
4690 1095
3065 1095
269 4121
2048 4121
3583 123
2183 123
3476 607
3532 607
2468 926
2583 926
2976 2330
4163 2330
3834 2063
58 2063
3145 2998
984 2998
2398 166
104 166
192 1104
3350 1104
1425 2013
1876 2013
958 4955
3449 4955
1746 1376
1377 1376
1395 4032
700 4032
1598 1891
216 1891
4702 2050
4334 2050
4737 42
1019 42
3404 4455
740 4455
3600 3829
2007 3829
940 1392
4029 1392
4235 2230
2266 2230
202 3946
292 3946
4417 4266
48 4266
2333 4067
3176 4067
2418 1947
4434 1947
2499 4332
205 4332
2865 4902
159 4902
2755 864
1179 864
4738 3020
3170 3020
450 4656
1381 4656
504 1634
780 1634
2161 4727
1759 4727
4124 4159
381 4159
336 4316
1585 4316
2770 911
4995 911
4892 4748
2301 4748
1731 4539
1171 4539
629 2777
2206 2777
248 4371
3214 4371
4732 361
1279 361
3002 2674
959 2674
4909 2144
3030 2144
413 1524
727 1524
4912 412
383 412
628 11
4007 11
892 1787
1090 1787
4354 2756
2681 2756
4627 3609
4769 3609
3007 1860
1146 1860
3701 3578
3303 3578
2133 484
4097 484
2484 4306
4437 4306
765 1265
2490 1265
3221 3809
328 3809
2512 2099
4157 2099
3738 4194
4814 4194
937 4161
2734 4161
988 838
1140 838
3283 4205
4221 4205
4793 4424
3468 4424
4582 3807
534 3807
3509 3998
2185 3998
789 1797
151 1797
2853 2843
4178 2843
4146 1607
1387 1607
300 2431
1882 2431
2506 506
3658 506
995 3037
2547 3037
3352 2303
1306 2303
1102 2660
3298 2660
2789 4599
3300 4599
1812 2042
1006 2042
3478 2113
4010 2113
2982 1218
3284 1218
2712 3897
4267 3897
2768 1756
260 1756
204 2727
128 2727
2832 2740
2511 2740
3136 4668
3293 4668
1034 4297
4270 4297
401 3920
598 3920
3111 1025
2544 1025
555 3406
4730 3406
1698 3499
527 3499
1275 3358
3967 3358
1292 4166
2438 4166
3330 1024
2130 1024
2856 2530
2422 2530
4701 2585
1428 2585
4247 2376
4915 2376
200 4055
956 4055
4634 3938
1726 3938
3110 4925
1535 4925
4760 4956
2925 4956
2447 110
1997 110
3245 2514
4641 2514
2395 3016
1543 3016
3977 1096
1248 1096
87 3614
2108 3614
4853 4063
3178 4063
2247 114
1927 114
2553 1549
4132 1549
2402 4941
585 4941
929 1237
1790 1237
102 2212
3606 2212
3586 989
3036 989
4302 695
3032 695
1774 1734
2073 1734
4462 2966
4806 2966
2722 3117
659 3117
1815 377
1050 377
4087 3655
2877 3655
1056 1983
3915 1983
1402 3443
4873 3443
1343 3970
2983 3970
2085 2623
2216 2623
4896 3470
4464 3470
50 1201
3526 1201
3134 3954
2120 3954
1715 865
212 865
4934 2762
2792 2762
1785 364
596 364
653 1684
3744 1684
2833 1955
3155 1955
3361 952
2831 952
2695 78
4545 78
1934 3220
3948 3220
1168 1420
893 1420
4754 494
4022 494
3602 1915
3864 1915
2132 3070
2087 3070
2369 2184
3218 2184
1500 30
3631 30
2382 2864
2744 2864
663 222
3842 222
1317 124
825 124
2700 3874
3080 3874
2518 4667
2855 4667
1826 2577
1159 2577
2963 3481
3430 3481
2618 2956
2493 2956
2498 3050
1689 3050
174 4919
783 4919
263 519
4891 519
3638 3831
1668 3831
1626 2153
1378 2153
1203 4544
1013 4544
2624 1234
1633 1234
1875 1862
1097 1862
776 793
3 793
3992 3936
4517 3936
4848 1677
2117 1677
2019 3346
1824 3346
2228 1020
399 1020
1135 997
4978 997
4797 1048
2121 1048
2034 2350
4876 2350
1238 1978
2413 1978
3451 388
2995 388
10 4243
847 4243
4861 4053
760 4053
3968 2526
2930 2526
2984 2012
2689 2012
2590 2820
4782 2820
20 2009
264 2009
2829 417
4813 417
643 2211
4370 2211
2430 2989
3589 2989
2454 2203
4236 2203
2025 3688
4808 3688
2366 1485
2604 1485
627 1349
25 1349
3314 2351
4669 2351
2509 2223
130 2223
3143 2371
2488 2371
2599 3090
773 3090
4024 480
3773 480
236 4162
1126 4162
933 573
1215 573
4493 261
1761 261
1454 2596
1545 2596
6 905
1003 905
3872 3475
1312 3475
280 3292
4590 3292
3507 500
4675 500
3401 4342
3071 4342
2923 4519
2279 4519
462 2775
3274 2775
3412 1513
3598 1513
2952 2354
1814 2354
4360 2847
2780 2847
4700 3370
4857 3370
3527 2193
387 2193
3463 2840
723 2840
475 3125
4535 3125
2814 1554
1305 1554
427 1128
4418 1128
2337 64
4529 64
3400 3628
4571 3628
2967 3552
3700 3552
4251 1905
3122 1905
95 521
1482 521
4094 4804
4399 4804
4961 1776
546 1776
2541 1480
3009 1480
77 3384
184 3384
774 4707
3289 4707
3092 3278
98 3278
1558 363
3035 363
3580 3716
2657 3716
885 443
4137 443
1519 1671
4639 1671
1390 2242
1258 2242
79 1134
4617 1134
3382 4001
2135 4001
4409 4770
4169 4770
4484 4074
2567 4074
2706 2046
697 2046
4749 2870
3072 2870
1526 1778
1051 1778
778 2481
3982 2481
4840 4755
3014 4755
4279 3114
3847 3114
3294 3237
2429 3237
578 4225
4472 4225
1091 3257
3994 3257
1901 3248
625 3248
4239 684
1589 684
2409 1878
4125 1878
4652 3595
1583 3595
3055 4930
3835 4930
786 408
2639 408
2802 4003
3308 4003
2869 3230
4536 3230
2612 1718
3048 1718
4454 1973
3338 1973
3197 3373
45 3373
2601 4743
1674 4743
4406 286
1165 286
3311 2275
3440 2275
4603 3267
2582 3267
2218 1239
3187 1239
2786 3942
2035 3942
635 3914
4019 3914
1225 1654
3399 1654
2495 8
4165 8
1434 812
1682 812
3088 3951
161 3951
135 4858
2089 4858
3797 4918
1098 4918
4100 3601
3908 3601
245 620
961 620
2255 4203
4356 4203
860 2827
4098 2827
1233 3106
3520 3106
2015 982
1811 982
4011 437
2800 437
4759 2352
1751 2352
3162 3064
1226 3064
2969 1733
3008 1733
1371 613
4343 613
2231 1229
4588 1229
2761 1412
4563 1412
1216 1280
3685 1280
3510 3746
4696 3746
2455 3611
3875 3611
1008 1979
813 1979
2720 1570
4077 1570
1670 2342
3645 2342
2510 2124
4143 2124
2326 4206
2693 4206
321 4223
2443 4223
815 1370
1621 1370
2364 2273
4491 2273
2803 3395
2095 3395
2866 2895
2505 2895
305 3958
525 3958
347 1147
904 1147
2845 2575
4943 2575
4685 4621
741 4621
3229 1868
568 1868
2232 4679
2477 4679
3488 2702
2293 2702
3351 1064
3514 1064
3723 4822
3950 4822
3169 109
1180 109
1250 4268
4090 4268
3930 3788
836 3788
1462 2724
3044 2724
3081 589
4649 589
2313 2345
3129 2345
2365 2339
1400 2339
1115 2714
514 2714
1969 4023
3608 4023
3793 3725
3917 3725
4982 2047
2945 2047
3629 1467
562 1467
1789 2874
2699 2874
934 1261
3216 1261
3484 994
3422 994
3207 3712
4183 3712
3806 1217
1732 1217
676 4487
4451 4487
2893 3381
2070 3381
2053 4478
2479 4478
1427 2191
4584 2191
2172 1001
4358 1001
2867 1241
679 1241
925 908
3153 908
2872 1515
4175 1515
1599 3045
2742 3045
4489 2056
4449 2056
4817 750
1569 750
4938 18
3179 18
939 1541
2163 1541
540 4901
2916 4901
4282 4322
4714 4322
2011 1284
1649 1284
2093 4073
1565 4073
2288 37
1839 37
1870 3579
3262 3579
3759 880
2670 880
1752 3956
2363 3956
3543 2031
1642 2031
2029 853
4058 853
1430 3542
572 3542
2809 1136
1334 1136
991 3555
312 3555
3398 3657
4648 3657
2543 3247
1185 3247
1566 2001
1991 2001
4474 920
4009 920
2658 600
3089 600
4907 149
3205 149
1723 235
3102 235
1640 2164
947 2164
2233 256
1577 256
3409 359
3981 359
2082 358
3031 358
1944 816
3639 816
493 1109
3420 1109
746 3343
2388 3343
1701 4000
3551 4000
21 3273
1340 3273
3926 3582
2127 3582
1449 239
4405 239
617 2253
1256 2253
243 2580
2346 2580
4034 747
1030 747
4110 36
840 36
1588 1557
849 1557
1865 1213
3836 1213
2284 453
4740 453
946 4775
4570 4775
4283 4232
100 4232
4112 3120
1000 3120
3944 2336
2425 2336
4537 1792
3503 1792
837 176
2245 176
3866 1888
4937 1888
3198 386
587 386
2359 1052
1348 1052
1145 409
3491 409
3762 1221
2828 1221
226 1094
3888 1094
1326 1813
4957 1813
3763 2885
1721 2885
53 4697
2426 4697
4038 770
1572 770
3906 603
4284 603
4897 466
4728 466
4197 1637
1311 1637
4673 368
720 368
1319 3103
4263 3103
1016 468
680 468
2791 4653
3415 4653
4805 1871
350 1871
2857 92
3713 92
3710 822
2235 822
3232 4958
1002 4958
2902 2327
3814 2327
4311 4436
4577 4436
476 3013
1264 3013
1152 275
4868 275
2489 1214
2619 1214
2508 1657
279 1657
2637 4533
4622 4533
4091 2421
4724 2421
2334 125
1451 125
2423 2680
2377 2680
2641 2140
795 2140
1760 2574
129 2574
4500 22
4140 22
1552 1661
2745 1661
1791 4027
4825 4027
3671 3743
4602 3743
73 65
223 65
647 3570
2260 3570
2816 4611
1980 4611
1316 1696
2428 1696
3756 4870
3961 4870
2634 2045
1499 2045
3167 238
2358 238
3250 3707
97 3707
759 1877
751 1877
3572 4762
282 4762
2796 1836
1798 1836
4767 4085
3371 4085
3955 2259
3709 2259
1502 1495
4339 1495
3490 4185
1087 4185
866 2564
875 2564
507 2632
1664 2632
3019 1476
881 1476
1968 2480
3741 2480
4226 917
3012 917
3861 3104
1161 3104
1183 1154
4447 1154
3931 295
4301 295
1667 4586
566 4586
549 3286
2038 3286
712 3911
3299 3911
2513 1011
3068 1011
1559 2805
4192 2805
569 3076
3171 3076
4666 2801
2921 2801
419 4432
4903 4432
2659 2072
4847 2072
1587 4970
2109 4970
1685 4222
2272 4222
4093 4249
4026 4249
4618 4233
2654 4233
3212 693
4644 693
230 2806
3211 2806
1299 3053
2878 3053
4568 4670
977 4670
4499 3253
1369 3253
3969 1117
2602 1117
4688 1509
2141 1509
3047 662
2565 662
4324 3534
2224 3534
4768 2126
2811 2126
406 858
1609 858
2300 2536
2286 2536
1227 1612
2 1612
2314 3727
515 3727
3285 730
685 730
2822 3467
964 3467
3857 3450
1448 3450
3010 315
1303 315
1681 1958
208 1958
749 76
1053 76
131 4828
3868 4828
4215 1463
201 1463
3291 755
4712 755
3113 1075
2378 1075
2516 3402
1365 3402
4601 2404
688 2404
2269 2997
4881 2997
1061 3733
665 3733
2375 4440
4867 4440
2160 592
2497 592
103 3321
438 3321
4186 431
99 431
821 871
4959 871
1417 171
902 171
1446 4628
3919 4628
896 2550
1532 2550
3544 4706
495 4706
3489 2241
3183 2241
3376 318
2210 318
3877 1022
2434 1022
2397 3546
2917 3546
1496 1890
3558 1890
567 619
1076 619
564 4923
3225 4923
2747 4524
3200 4524
1276 1433
1845 1433
1041 724
1332 724
2201 207
3828 207
3396 4498
632 4498
2321 4597
3498 4597
1957 1197
3024 1197
3190 4916
533 4916
4202 4962
3069 4962
1853 3565
1324 3565
3674 4138
306 4138
4285 3140
2356 3140
601 2440
3223 2440
556 2603
1192 2603
2317 1546
951 1546
1928 31
2452 31
369 3264
2880 3264
3813 1779
4528 1779
2022 133
3315 133
1830 2645
523 2645
2551 3726
1977 3726
2139 489
726 489
2692 67
4078 67
3105 1874
3891 1874
4330 4742
400 4742
2733 1027
3986 1027
4337 252
3784 252
189 3164
2148 3164
928 1230
4794 1230
758 2970
3244 2970
1630 4681
4317 4681
3034 4689
86 4689
4021 3985
636 3985
2598 3222
970 3222
528 4042
2343 4042
2813 782
1697 782
550 1143
4789 1143
2958 1834
1655 1834
775 1629
3087 1629
579 4289
4864 4289
4948 1153
3747 1153
1231 3749
2860 3749
2328 3987
59 3987
1548 623
81 623
3039 2143
682 2143
2393 2678
2309 2678
3617 4572
3881 4572
1959 3556
4691 3556
3811 4575
4787 4575
1750 1833
4954 1833
2138 743
980 743
4711 4887
4758 4887
2669 253
1536 253
4573 444
2710 444
3618 3511
906 3511
2907 1803
357 1803
2005 4561
768 4561
4199 3079
197 3079
395 1470
3369 1470
808 3119
154 3119
265 2220
1805 2220
1900 3690
1244 3690
2482 229
748 229
4886 955
1224 955
3339 366
1879 366
3774 554
4540 554
340 1296
1971 1296
4030 3480
4039 3480
1124 4018
1123 4018
4658 2043
923 2043
4005 1391
2162 1391
3960 2450
1289 2450
293 1542
2701 1542
3387 542
3947 542
3266 2691
4629 2691
3695 1330
3215 1330
1735 1408
3876 1408
169 4933
4061 4933
3500 255
345 255
1361 436
2504 436
3964 1093
4361 1093
2010 651
827 651
1932 2887
138 2887
2662 83
3718 83
4004 4636
1709 4636
3937 4952
3417 4952
2225 2501
4381 2501
287 3547
331 3547
1994 2683
3158 2683
291 841
2562 841
1796 2360
2682 2360
792 3870
3086 3870
3100 2863
948 2863
4522 2137
289 2137
3677 3432
3863 3432
4433 3548
3849 3548
2954 4351
3366 4351
4788 1510
3184 1510
3742 1077
1469 1077
27 1156
173 1156
4357 1286
4458 1286
690 3465
3871 3465
3748 3239
2165 3239
3706 1073
1945 1073
1046 2178
4331 2178
4780 1644
4490 1644
2154 4610
2990 4610
4821 2155
3391 2155
4288 2950
4550 2950
945 4596
1962 4596
4715 652
4871 652
4501 3460
968 3460
2410 3739
3577 3739
2315 349
4294 349
1453 642
148 642
4917 4116
4089 4116
1084 454
4842 454
1364 3362
1481 3362
2617 2965
4296 2965
1021 4855
497 4855
2825 4765
2873 4765
4207 346
4277 346
3686 2568
673 2568
4025 1478
855 1478
1854 1946
4576 1946
4486 188
4056 188
2016 2713
1162 2713
1346 4422
3446 4422
3599 4156
2971 4156
2310 3966
1885 3966
3764 2750
320 2750
2469 3191
2083 3191
4914 891
4129 891
473 4295
1044 4295
3879 1172
4885 1172
1055 1219
3568 1219
1209 3697
314 3697
1100 254
4476 254
214 19
460 19
1975 1864
2667 1864
900 1982
3234 1982
3493 2906
1859 2906
1764 375
1035 375
373 4355
654 4355
164 2096
3192 2096
2771 2168
1424 2168
262 145
2340 145
1835 3453
4101 3453
2341 2522
2292 2522
3041 2044
1679 2044
2502 1457
4726 1457
3150 1842
2494 1842
1086 2835
4609 2835
1036 1540
4969 1540
2685 374
3312 374
2114 985
1336 985
1561 1708
4303 1708
1984 2000
1503 2000
2131 1941
3641 1941
3778 1694
4404 1694
4564 4695
1253 4695
3307 1573
455 1573
1404 3228
1611 3228
4275 4033
38 4033
152 198
3029 198
2190 639
4694 639
29 1436
3537 1436
2766 3826
1163 3826
4062 1953
4338 1953
1780 2298
2630 2298
1652 2467
441 2467
32 362
769 362
1848 2731
3118 2731
3336 2795
1529 2795
3776 2282
927 2282
4305 150
1037 150
398 2698
4721 2698
4189 3403
3325 3403
44 1396
2758 1396
3018 3976
2653 3976
4352 1373
4823 1373
1562 4329
2948 4329
3890 895
2705 895
1452 3474
2798 3474
4444 742
2032 742
3497 3859
698 3859
1966 4028
3560 4028
2478 1985
4253 1985
4734 3933
645 3933
4177 4680
1263 4680
3594 3653
115 3653
3337 532
868 532
2785 2256
4260 2256
1492 4778
4850 4778
397 3907
2848 3907
319 4626
3331 4626
3825 471
2101 471
1961 4592
60 4592
4630 4336
4682 4336
2819 728
2237 728
3407 2116
558 2116
4735 1821
3574 1821
2503 2584
1403 2584
1300 122
3452 122
3144 3717
2616 3717
4703 901
3622 901
1385 1720
2065 1720
4179 2882
1439 2882
2676 2036
4333 2036
2964 2778
4383 2778
410 274
2090 274
2039 1606
4635 1606
1556 4155
4945 4155
479 828
2812 828
2175 2711
4394 2711
2686 3576
2319 3576
433 2535
2767 2535
1232 338
2933 338
4583 1320
3093 1320
4244 3664
3972 3664
1458 4624
3260 4624
4843 4888
3625 4888
2787 604
270 604
1964 791
2650 791
2067 2399
2194 2399
2017 4589
3768 4589
1914 112
2021 112
3569 3383
1066 3383
4187 1705
3566 1705
3736 3482
3666 3482
3769 1069
4475 1069
9 4807
435 4807
1810 3767
3999 3767
709 2947
502 2947
2876 3816
913 3816
3258 526
4219 526
3326 2593
4006 2593
1753 2107
4494 2107
2265 539
4551 539
1593 842
666 842
894 543
883 543
2552 1514
3226 1514
1302 3461
2226 3461
4860 2027
1658 2027
1254 4904
4419 4904
2142 4362
3855 4362
470 461
4973 461
3612 3737
4059 3737
1212 4745
1954 4745
396 2449
2156 2449
3515 3365
3848 3365
4374 2461
2472 2461
3084 2118
4307 2118
2285 1489
505 1489
403 3750
4820 3750
3851 4255
3496 4255
2589 3963
559 3963
4071 1544
1992 1544
3989 85
1604 85
2060 3411
4045 3411
4884 1691
3978 1691
1187 1736
463 1736
2464 957
595 957
3923 3347
4510 3347
2899 1294
1089 1294
1911 2207
3099 2207
4365 4802
536 4802
1707 1405
4130 1405
4380 3549
655 3549
233 2081
826 2081
2986 3643
1940 3643
3840 1933
1669 1933
3502 2435
2539 2435
1267 4929
1516 4929
976 2996
1383 2996
1929 1083
3051 1083
2597 1350
3940 1350
2826 2850
3821 2850
3049 4347
4532 4347
4863 1450
1806 1450
1807 605
2652 605
3202 1308
4530 1308
2202 1896
3282 1896
648 1288
4051 1288
2157 4560
771 4560
2037 3830
762 3830
4172 4209
544 4209
4312 2180
4893 2180
516 1551
2323 1551
2486 2944
4002 2944
4229 3436
832 3436
2980 1695
2572 1695
4213 4127
1009 4127
3754 1963
3646 1963
4293 1105
91 1105
3405 3887
3199 3887
2671 478
1909 478
3424 456
4439 456
4460 1666
1884 1666
4900 571
4859 571
638 1329
1178 1329
310 1898
2076 1898
4204 2839
3661 2839
2412 4070
2417 4070
3492 2912
2262 2912
3794 1498
4224 1498
1005 2558
4368 2558
1592 2896
1504 2896
371 4041
4291 4041
3457 3091
1177 3091
424 3375
2606 3375
4443 876
2380 876
1602 142
3217 142
2084 1007
2291 1007
4761 4790
4556 4790
586 1196
2928 1196
3949 3332
4837 3332
66 3535
3479 3535
415 1617
4796 1617
2416 3394
2217 3394
1624 3691
599 3691
2537 4990
384 4990
1189 215
3290 215
82 4722
469 4722
4050 719
2476 719
237 965
2937 965
2306 2546
405 2546
121 4386
2515 4386
1748 4397
4879 4397
681 101
3979 101
2170 2018
3259 2018
2905 4826
3893 4826
2891 4509
3852 4509
3621 1939
897 1939
3379 1355
3676 1355
4128 4020
992 4020
4502 4523
4783 4523
1936 2174
524 2174
4792 1432
2988 1432
3015 3445
1614 3445
2383 4659
503 4659
2173 1986
3277 1986
1138 3094
34 3094
1841 3616
823 3616
4856 4895
3421 4895
4281 2281
1032 2281
1352 3038
4237 3038
3504 43
4448 43
3941 4304
2192 4304
2507 2994
931 2994
1339 2974
2105 2974
2091 3319
1781 3319
2523 1475
1139 1475
75 734
4708 734
2655 290
3462 290
1208 2707
4665 2707
52 2730
1110 2730
2020 887
2643 887
1605 1262
834 1262
4403 3654
3644 3654
1333 1883
2040 1883
4016 2901
4976 2901
4875 1920
1768 1920
854 4687
3945 4687
4395 4526
2041 4526
4292 706
2760 706
4616 4349
4818 4349
4348 4546
4686 4546
1817 1921
301 1921
376 3107
1127 3107
1150 4953
4151 4953
4171 3458
4149 3458
4184 4831
886 4831
3934 1972
1622 1972
3935 3061
2892 3061
4278 3827
820 3827
4505 429
3973 429
2909 4994
3455 4994
3367 672
3669 672
2628 379
2586 379
2052 172
4736 172
1125 1924
4182 1924
987 582
3385 582
3649 4210
1970 4210
1393 1528
4141 1528
1615 1260
4318 1260
4300 1533
2441 1533
2721 143
1686 143
4046 4280
4565 4280
4838 1525
615 1525
535 251
2485 251
3359 2250
1867 2250
1601 1461
3734 1461
2911 1688
3505 1688
1534 3528
3085 3528
3224 2320
4372 2320
3971 4402
457 4402
1889 2258
1401 2258
1995 1863
3193 1863
1175 2014
1270 2014
2324 3349
4456 3349
313 249
1575 249
2520 3786
2159 3786
1931 1675
3682 1675
4723 28
1158 28
1595 1702
4811 1702
1926 1989
3745 1989
246 2243
2851 2243
2049 4674
3236 4674
1366 2069
2672 2069
127 4323
3588 4323
713 2790
2267 2790
4844 3442
3692 3442
3506 1873
4469 1873
1987 3854
4898 3854
1268 1539
1486 1539
4017 1800
1010 1800
3306 2102
1678 2102
4040 2257
2462 2257
160 3329
1956 3329
209 608
4272 608
1574 134
1590 134
3186 4160
33 4160
4180 3802
1379 3802
118 3254
1769 3254
465 4382
332 4382
307 4638
2540 4638
729 442
4986 442
2726 1398
2322 1398
3082 2591
4874 2591
4646 1045
4981 1045
2057 3393
1571 3393
1749 1586
4466 1586
4625 618
687 618
3929 2129
1913 2129
1307 3096
3553 3096
553 1773
3853 1773
4190 2815
1445 2815
430 4214
1676 4214
974 4102
220 4102
2066 1278
1111 1278
3957 1560
3471 1560
1737 2181
2312 2181
3160 1033
4152 1033
3531 213
5 213
3313 434
1107 434
584 4750
35 4750
165 3624
2718 3624
4353 1659
4064 1659
1745 548
4987 548
167 882
1647 882
4746 3731
1202 3731
4997 1951
2186 1951
4547 394
2150 394
2854 3791
3434 3791
1886 2374
1059 2374
451 3711
2542 3711
1922 1251
2556 1251
3269 3242
857 3242
1497 2821
1988 2821
710 4931
2068 4931
1521 1827
1188 1827
3263 3522
2528 3522
3962 4326
4473 4326
2169 2171
1653 2171
2991 1794
4534 1794
1321 1204
3333 1204
360 1132
1942 1132
2644 49
2200 49
2459 3005
1004 3005
2278 714
88 714
1897 1965
4992 1965
4525 4966
2946 4966
2208 4623
1917 4623
1474 1600
1738 1600
56 4363
3846 4363
2656 191
819 191
1584 487
3342 487
4538 393
2759 393
646 3378
3077 3378
1198 4518
2566 4518
1157 2325
1182 2325
3316 1368
2492 1368
4569 322
3884 322
3675 2136
2764 2136
4604 2198
3201 2198
3702 1282
4852 1282
4555 12
3833 12
2008 2638
1160 2638
3943 4869
2631 4869
474 910
3918 910
1893 634
4080 634
472 4142
3554 4142
4731 3635
915 3635
1079 3280
4889 3280
4384 3447
17 3447
846 3753
1523 3753
1618 4310
4854 4310
3206 704
4705 704
1443 2246
737 2246
2914 2460
3354 2460
3735 2078
1714 2078
1742 372
1767 372
2158 960
4262 960
3177 1242
1419 1242
1341 2123
16 2123
1517 1173
1415 1173
3128 797
1323 797
2953 1310
3057 1310
3042 244
324 244
4258 3787
132 3787
1722 4269
3991 4269
4834 2927
1579 2927
2737 2030
1690 2030
2437 1948
4483 1948
2943 686
1382 686
2227 4882
3652 4882
117 1399
1943 1399
232 3993
870 3993
2687 4865
4359 4865
2236 2176
3501 2176
2908 590
116 590
2261 2033
3296 2033
1291 1477
352 1477
3196 3063
2629 3063
4777 1906
3892 1906
4927 4772
2368 4772
3869 3078
1692 3078
428 3137
981 3137
2305 4698
3133 4698
798 2926
788 2926
4578 113
3965 113
3377 4924
1191 4924
1538 3033
873 3033
1775 3004
4376 3004
602 2427
1464 2427
2283 1167
4092 1167
156 3219
2188 3219
354 3477
1184 3477
105 485
785 485
3894 2769
1581 2769
3147 757
1693 757
3605 426
1591 426
4421 3810
4081 3810
861 3241
2234 3241
2458 1455
3154 1455
3388 3798
1660 3798
3898 3626
4430 3626
4739 509
3414 509
1990 247
3663 247
4252 1394
1818 1394
781 678
2735 678
1740 2569
3435 2569
2347 616
4508 616
3540 3777
3812 3777
3623 962
4741 962
2534 3261
4115 3261
4158 1520
2661 1520
2519 71
1269 71
3928 2002
1923 2002
4664 355
4391 355
4144 4849
4410 4849
818 4554
1531 4554
3173 718
831 718
2561 1512
439 1512
4791 3904
4866 3904
1304 2471
1754 2471
3910 563
4488 563
4054 3353
2605 3353
367 4718
754 4718
418 3805
1357 3805
2532 4704
3341 4704
3138 1440
1894 1440
4709 2808
978 2808
1325 2779
1122 2779
3850 4598
1783 4598
4241 3487
1663 3487
2973 4713
3195 4713
692 3046
1838 3046
3604 2051
1342 2051
1106 3684
4068 3684
591 4559
3771 4559
2297 4036
2268 4036
1801 2405
1195 2405
93 3355
1727 3355
179 304
4920 304
2776 1816
4216 1816
2636 3751
3108 3751
1487 4960
794 4960
1881 924
884 924
1252 1567
4079 1567
4693 378
3320 378
1295 144
975 144
1788 4504
796 4504
1257 4699
3873 4699
2199 447
416 447
2992 3900
2445 3900
3698 2684
745 2684
3678 644
4373 644
390 4364
3905 4364
4037 4118
3755 4118
3633 3428
2294 3428
2151 3636
3240 3636
4099 404
234 404
4836 3185
909 3185
2934 3845
4111 3845
4245 2403
3374 2403
1223 1459
872 1459
3152 3180
483 3180
1869 4716
1511 4716
3837 3427
1472 3427
1431 4096
298 4096
1220 180
4344 180
631 4799
3585 4799
3932 4276
2646 4276
4964 4650
1131 4650
565 1719
1855 1719
1904 4176
4757 4176
4082 4784
407 4784
2396 323
1080 323
3287 3318
2648 3318
2414 1186
4195 1186
1273 4678
1353 4678
