5000 5000
2755 3343
3343 3029
3029 3370
3370 4442
4442 1365
1365 1075
1075 3235
3235 1380
1380 1436
1436 1491
1491 4834
4834 3015
3015 4903
4903 1616
1616 928
928 569
569 1859
1859 83
83 185
185 4993
4993 1662
1662 711
711 1072
1072 4919
4919 1524
1524 1313
1313 4877
4877 2746
2746 1343
1343 1037
1037 1322
1322 1701
1701 3415
3415 2979
2979 3275
3275 1079
1079 3760
3760 372
372 950
950 4931
4931 4193
4193 3124
3124 4309
4309 2947
2947 3368
3368 2165
2165 4911
4911 1697
1697 675
675 3454
3454 3313
3313 2457
2457 2619
2619 4570
4570 427
427 994
994 4541
4541 719
719 491
491 4649
4649 3362
3362 4412
4412 2315
2315 3391
3391 374
374 2507
2507 3075
3075 2020
2020 405
405 1513
1513 679
679 3729
3729 542
542 87
87 2624
2624 4340
4340 2265
2265 2894
2894 751
751 733
733 1680
1680 1568
1568 4559
4559 3145
3145 4604
4604 2150
2150 3526
3526 2421
2421 4625
4625 4488
4488 1134
1134 3084
3084 2995
2995 4071
4071 4937
4937 4544
4544 605
605 4938
4938 2130
2130 2884
2884 4861
4861 984
984 4364
4364 1279
1279 760
760 4811
4811 266
266 1186
1186 213
213 2793
2793 1904
1904 2504
2504 1507
1507 3410
3410 528
528 4787
4787 4502
4502 3224
3224 1712
1712 2775
2775 2609
2609 909
909 1212
1212 2885
2885 4075
4075 4343
4343 3161
3161 743
743 1648
1648 3151
3151 3617
3617 444
444 3420
3420 4240
4240 628
628 1008
1008 3927
3927 2277
2277 3866
3866 604
604 4618
4618 1709
1709 2672
2672 2820
2820 4747
4747 1993
1993 190
190 2437
2437 989
989 4679
4679 2836
2836 3777
3777 3872
3872 2675
2675 475
475 3126
3126 482
482 2347
2347 2778
2778 2273
2273 4568
4568 4988
4988 1467
1467 2736
2736 3134
3134 790
790 2373
2373 757
757 2750
2750 3631
3631 792
792 1021
1021 1975
1975 3248
3248 2496
2496 2413
2413 3336
3336 92
92 4588
4588 548
548 3615
3615 218
218 3409
3409 3767
3767 1367
1367 171
171 2256
2256 148
148 274
274 4688
4688 35
35 4508
4508 636
636 4616
4616 2563
2563 1452
1452 220
220 1988
1988 1151
1151 4645
4645 1967
1967 1658
1658 4296
4296 3685
3685 4460
4460 2473
2473 3479
3479 417
417 64
64 922
922 4195
4195 287
287 1105
1105 1899
1899 4667
4667 3289
3289 2078
2078 2091
2091 3680
3680 4730
4730 1609
1609 1373
1373 3395
3395 3873
3873 2532
2532 4720
4720 1015
1015 4977
4977 1695
1695 4177
4177 165
165 914
914 3882
3882 4046
4046 4478
4478 2948
2948 693
693 4757
4757 1707
1707 822
822 4004
4004 1650
1650 3534
3534 37
37 952
952 4164
4164 23
23 4561
4561 289
289 206
206 319
319 2287
2287 147
147 532
532 3764
3764 2740
2740 3832
3832 2408
2408 1619
1619 2661
2661 4171
4171 257
257 308
308 4565
4565 1770
1770 2562
2562 630
630 1131
1131 210
210 3450
3450 1871
1871 2983
2983 3105
3105 3244
3244 4648
4648 2313
2313 3828
3828 4732
4732 2620
2620 3496
3496 2843
2843 3688
3688 3888
3888 1045
1045 2981
2981 411
411 1179
1179 1746
1746 2418
2418 382
382 626
626 2134
2134 3326
3326 2866
2866 133
133 1311
1311 1688
1688 1080
1080 1952
1952 3724
3724 799
799 2143
2143 2354
2354 2300
2300 4687
4687 4085
4085 3707
3707 654
654 823
823 370
370 4356
4356 1451
1451 1550
1550 3514
3514 3057
3057 1020
1020 3307
3307 4473
4473 91
91 3403
3403 543
543 3642
3642 2757
2757 2480
2480 1197
1197 3803
3803 2321
2321 1346
1346 735
735 4947
4947 4288
4288 1258
1258 4575
4575 1738
1738 253
253 826
826 1832
1832 1024
1024 4819
4819 723
723 3080
3080 3951
3951 1939
1939 3036
3036 4601
4601 1422
1422 708
708 3119
3119 1456
1456 2622
2622 3965
3965 2549
2549 1916
1916 2323
2323 4265
4265 4660
4660 3975
3975 2393
2393 494
494 1584
1584 2971
2971 188
188 4857
4857 977
977 4228
4228 1209
1209 1199
1199 3085
3085 2466
2466 3991
3991 3913
3913 1221
1221 2493
2493 1117
1117 480
480 1307
1307 3071
3071 1418
1418 1399
1399 1599
1599 4989
4989 284
284 353
353 1162
1162 1755
1755 2060
2060 4600
4600 1644
1644 3123
3123 3714
3714 2543
2543 3752
3752 4174
4174 2789
2789 2771
2771 1930
1930 400
400 3039
3039 1458
1458 2631
2631 1198
1198 4052
4052 1924
1924 4383
4383 4817
4817 244
244 1168
1168 425
425 1799
1799 1395
1395 1430
1430 3052
3052 4120
4120 3058
3058 902
902 1632
1632 1316
1316 2911
2911 3853
3853 4873
4873 334
334 1147
1147 3566
3566 2547
2547 1245
1245 332
332 3587
3587 3801
3801 3746
3746 872
872 447
447 4797
4797 4522
4522 2425
2425 1230
1230 248
248 1693
1693 4467
4467 4166
4166 2267
2267 4242
4242 1139
1139 3299
3299 8
8 1931
1931 2673
2673 2753
2753 3525
3525 2847
2847 2127
2127 4080
4080 104
104 3712
3712 1473
1473 3373
3373 3388
3388 3365
3365 1339
1339 4854
4854 4891
4891 1013
1013 2748
2748 3717
3717 13
13 2228
2228 4765
4765 2528
2528 3495
3495 2996
2996 1469
1469 3982
3982 2556
2556 3206
3206 2717
2717 4094
4094 493
493 796
796 1895
1895 3968
3968 1566
1566 4162
4162 544
544 4207
4207 3886
3886 3925
3925 857
857 414
414 138
138 1228
1228 3938
3938 1845
1845 3528
3528 1622
1622 3865
3865 4700
4700 3497
3497 1560
1560 1174
1174 3352
3352 2516
2516 3315
3315 283
283 312
312 4292
4292 384
384 4951
4951 4634
4634 3296
3296 3622
3622 2012
2012 4950
4950 2680
2680 649
649 1558
1558 2984
2984 1808
1808 633
633 3579
3579 4141
4141 1481
1481 1692
1692 3795
3795 2844
2844 4496
4496 1971
1971 409
409 926
926 1281
1281 1698
1698 508
508 4317
4317 252
252 3069
3069 2333
2333 3125
3125 151
151 1218
1218 3109
3109 3822
3822 73
73 3558
3558 4868
4868 777
777 4908
4908 4954
4954 136
136 1759
1759 2974
2974 4723
4723 1765
1765 4043
4043 1675
1675 3626
3626 1710
1710 2170
2170 298
298 1728
1728 1003
1003 327
327 2571
2571 4182
4182 1284
1284 1733
1733 1377
1377 118
118 4627
4627 486
486 420
420 4289
4289 3405
3405 1915
1915 653
653 2733
2733 802
802 1052
1052 4777
4777 2107
2107 1070
1070 4871
4871 646
646 3742
3742 2760
2760 3302
3302 4707
4707 607
607 429
429 3176
3176 1363
1363 1182
1182 4018
4018 1870
1870 2348
2348 2061
2061 2599
2599 1282
1282 4653
4653 4329
4329 2529
2529 4675
4675 1773
1773 2855
2855 2058
2058 3059
3059 3799
3799 1668
1668 680
680 4253
4253 4499
4499 1437
1437 2506
2506 4579
4579 3988
3988 194
194 3188
3188 4774
4774 2450
2450 3120
3120 2157
2157 4101
4101 1073
1073 4308
4308 1598
1598 903
903 1341
1341 3199
3199 316
316 3278
3278 4516
4516 2391
2391 3653
3653 3316
3316 2411
2411 1489
1489 186
186 1854
1854 241
241 3217
3217 1146
1146 1486
1486 4620
4620 4421
4421 3030
3030 100
100 1706
1706 4961
4961 2377
2377 2040
2040 1951
1951 1881
1881 565
565 1565
1565 1405
1405 3678
3678 2449
2449 3444
3444 2049
2049 4112
4112 110
110 833
833 2456
2456 2089
2089 3855
3855 961
961 4214
4214 2038
2038 4663
4663 1394
1394 1724
1724 1703
1703 1460
1460 63
63 1277
1277 3780
3780 3386
3386 1582
1582 4673
4673 4250
4250 4558
4558 3089
3089 944
944 2139
2139 1592
1592 4619
4619 2625
2625 2017
2017 4712
4712 622
622 3050
3050 1407
1407 3351
3351 3986
3986 1425
1425 2478
2478 4275
4275 4659
4659 4771
4771 1891
1891 4551
4551 669
669 2423
2423 3010
3010 2350
2350 1918
1918 2531
2531 4144
4144 192
192 3976
3976 2003
2003 3389
3389 3730
3730 4382
4382 865
865 976
976 4563
4563 3332
3332 1390
1390 2561
2561 1195
1195 4724
4724 4781
4781 1949
1949 761
761 4187
4187 4040
4040 635
635 4741
4741 4447
4447 1877
1877 2090
2090 106
106 1941
1941 375
375 1540
1540 406
406 2688
2688 4862
4862 1681
1681 580
580 2776
2776 1433
1433 4630
4630 3581
3581 3466
3466 1561
1561 2045
2045 3646
3646 4246
4246 3755
3755 827
827 1518
1518 4644
4644 2304
2304 2822
2822 2133
2133 3334
3334 2623
2623 2207
2207 1084
1084 4131
4131 2835
2835 1627
1627 4369
4369 2215
2215 1088
1088 3246
3246 3619
3619 107
107 3014
3014 1254
1254 1175
1175 841
841 1907
1907 3312
3312 835
835 3918
3918 2742
2742 335
335 126
126 4493
4493 3178
3178 3840
3840 1767
1767 778
778 3028
3028 3609
3609 3974
3974 1839
1839 322
322 1530
1530 366
366 3487
3487 2021
2021 2332
2332 2503
2503 558
558 3128
3128 3241
3241 2712
2712 38
38 4285
4285 2842
2842 2490
2490 1413
1413 1069
1069 1200
1200 637
637 488
488 1801
1801 3887
3887 5
5 302
302 4703
4703 462
462 4859
4859 4395
4395 2252
2252 4839
4839 4537
4537 2606
2606 4576
4576 1039
1039 4355
4355 4991
4991 4759
4759 1914
1914 4139
4139 4636
4636 4543
4543 445
445 4065
4065 4122
4122 2802
2802 552
552 2420
2420 754
754 2359
2359 386
386 936
936 4081
4081 473
473 2900
2900 170
170 3695
3695 3257
3257 440
440 3684
3684 4711
4711 2912
2912 632
632 3984
3984 333
333 4013
4013 4272
4272 2407
2407 2638
2638 4872
4872 1849
1849 1340
1340 840
840 2741
2741 416
416 2897
2897 1126
1126 4471
4471 3604
3604 4136
4136 1036
1036 4529
4529 472
472 4256
4256 46
46 1982
1982 154
154 2409
2409 3747
3747 286
286 94
94 4339
4339 2447
2447 563
563 2946
2946 3669
3669 339
339 4693
4693 4761
4761 2284
2284 645
645 3791
3791 1152
1152 4760
4760 4867
4867 1068
1068 2524
2524 3759
3759 3252
3252 1757
1757 3826
3826 1884
1884 1521
1521 1496
1496 3645
3645 3889
3889 2154
2154 4685
4685 365
365 2398
2398 3321
3321 2853
2853 4354
4354 4306
4306 2966
2966 2237
2237 4994
4994 551
551 4284
4284 40
40 2362
2362 4360
4360 3550
3550 1750
1750 1302
1302 457
457 3650
3650 1428
1428 730
730 2297
2297 4167
4167 1889
1889 1267
1267 1240
1240 4680
4680 4599
4599 3874
3874 1471
1471 2541
2541 3041
3041 3502
3502 4367
4367 1922
1922 2931
2931 1211
1211 1379
1379 3074
3074 2424
2424 2888
2888 1362
1362 2124
2124 2898
2898 871
871 1329
1329 2196
2196 324
324 3032
3032 4514
4514 3524
3524 1095
1095 4332
4332 4454
4454 4197
4197 2515
2515 4234
4234 3088
3088 1440
1440 2219
2219 235
235 955
955 4408
4408 4293
4293 3696
3696 448
448 750
750 839
839 3231
3231 3189
3189 884
884 3649
3649 891
891 1403
1403 3601
3601 983
983 1794
1794 4217
4217 3095
3095 2427
2427 582
582 2033
2033 4151
4151 4137
4137 4396
4396 3682
3682 3265
3265 2326
2326 1368
1368 2618
2618 1010
1010 3697
3697 4135
4135 2301
2301 2548
2548 1415
1415 3606
3606 3268
3268 1745
1745 2374
2374 130
130 2939
2939 1032
1032 4041
4041 89
89 4128
4128 1370
1370 1892
1892 1669
1669 2066
2066 438
438 3443
3443 2142
2142 934
934 1143
1143 4887
4887 4082
4082 1252
1252 4192
4192 4443
4443 2715
2715 471
471 2177
2177 4856
4856 842
842 4366
4366 3197
3197 2279
2279 3348
3348 3488
3488 3644
3644 4621
4621 1509
1509 999
999 373
373 1926
1926 2827
2827 4176
4176 3093
3093 1345
1345 1802
1802 1166
1166 2226
2226 14
14 3964
3964 4413
4413 3
3 1607
1607 484
484 4089
4089 1790
1790 3082
3082 3159
3159 4949
4949 1510
1510 1986
1986 2976
2976 4362
4362 2042
2042 597
597 1270
1270 2428
2428 3823
3823 2483
2483 3667
3667 4812
4812 3806
3806 4530
4530 1580
1580 4133
4133 2635
2635 221
221 2141
2141 4481
4481 4475
4475 1517
1517 4311
4311 4929
4929 243
243 1785
1785 1885
1885 187
187 4813
4813 301
301 1271
1271 4109
4109 2074
2074 1526
1526 562
562 4108
4108 1748
1748 458
458 4227
4227 4790
4790 4438
4438 3673
3673 3624
3624 3115
3115 288
288 2032
2032 4728
4728 1142
1142 1546
1546 1876
1876 3385
3385 1125
1125 1691
1691 1499
1499 3456
3456 4476
4476 4463
4463 4419
4419 4060
4060 4303
4303 3562
3562 383
383 2057
2057 1694
1694 3738
3738 3901
3901 4437
4437 4959
4959 3455
3455 863
863 459
459 1766
1766 4025
4025 150
150 1054
1054 3880
3880 2152
2152 3628
3628 1128
1128 1700
1700 281
281 236
236 794
794 1286
1286 3112
3112 1065
1065 2643
2643 1244
1244 4816
4816 72
72 2468
2468 3716
3716 880
880 81
81 3531
3531 958
958 4512
4512 1563
1563 2837
2837 2218
2218 559
559 4205
4205 2899
2899 1903
1903 4598
4598 249
249 3966
3966 325
325 501
501 1392
1392 4008
4008 2874
2874 586
586 1591
1591 694
694 3970
3970 3273
3273 1138
1138 3994
3994 3839
3839 1051
1051 3423
3423 815
815 42
42 1158
1158 3997
3997 2689
2689 3448
3448 2435
2435 3538
3538 4686
4686 336
336 3641
3641 625
625 2120
2120 1715
1715 3703
3703 4975
4975 294
294 152
152 4054
4054 1439
1439 4495
4495 3294
3294 4751
4751 2482
2482 4235
4235 869
869 4640
4640 2198
2198 2499
2499 3922
3922 2495
2495 3191
3191 4178
4178 3005
3005 4701
4701 609
609 819
819 4048
4048 2845
2845 919
919 2880
2880 1963
1963 2751
2751 1934
1934 1758
1758 4416
4416 4470
4470 2718
2718 3672
3672 3957
3957 3043
3043 4526
4526 3719
3719 3761
3761 3413
3413 4969
4969 4731
4731 4569
4569 228
228 3783
3783 2388
2388 4845
4845 2587
2587 2928
2928 1082
1082 49
49 2918
2918 946
946 464
464 3638
3638 2734
2734 3143
3143 2026
2026 1829
1829 2699
2699 1991
1991 3935
3935 2875
2875 2893
2893 739
739 4405
4405 1902
1902 3310
3310 798
798 2595
2595 758
758 2519
2519 941
941 41
41 1466
1466 1774
1774 4406
4406 4500
4500 1156
1156 4792
4792 1332
1332 364
364 3130
3130 4474
4474 4535
4535 1705
1705 4725
4725 4212
4212 1297
1297 2819
2819 4130
4130 1355
1355 2459
2459 3551
3551 4742
4742 1525
1525 3749
3749 3205
3205 4668
4668 3511
3511 1942
1942 2726
2726 1256
1256 88
88 4677
4677 224
224 3229
3229 433
433 2514
2514 1621
1621 2322
2322 1059
1059 3906
3906 1294
1294 812
812 2902
2902 3330
3330 3392
3392 3505
3505 588
588 612
612 3376
3376 3483
3483 4231
4231 2257
2257 2997
2997 1323
1323 3757
3757 753
753 3990
3990 2100
2100 4245
4245 1202
1202 4325
4325 296
296 2405
2405 2399
2399 1564
1564 1743
1743 4455
4455 4531
4531 596
596 1851
1851 4539
4539 4357
4357 2927
2927 4283
4283 2212
2212 3756
3756 3782
3782 470
470 3969
3969 4386
4386 1173
1173 3150
3150 748
748 1702
1702 1520
1520 2158
2158 3753
3753 1937
1937 2094
2094 1035
1035 2645
2645 197
197 277
277 3449
3449 921
921 1744
1744 696
696 4549
4549 825
825 2691
2691 4567
4567 1872
1872 1921
1921 463
463 155
155 4055
4055 3847
3847 1812
1812 717
717 3987
3987 2805
2805 1409
1409 1576
1576 2652
2652 1414
1414 3309
3309 2272
2272 1514
1514 4461
4461 2345
2345 4436
4436 2502
2502 1628
1628 2054
2054 4125
4125 1234
1234 924
924 4029
4029 1500
1500 500
500 3942
3942 4603
4603 1089
1089 1714
1714 1183
1183 1640
1640 3625
3625 2798
2798 4865
4865 3216
3216 3588
3588 4935
4935 3103
3103 1689
1689 2008
2008 1501
1501 1333
1333 1118
1118 1533
1533 3681
3681 2246
2246 2
2 2920
2920 410
410 3192
3192 3311
3311 2071
2071 4800
4800 2188
2188 2275
2275 1219
1219 1611
1611 178
178 3498
3498 217
217 1468
1468 1335
1335 3469
3469 3844
3844 1140
1140 4639
4639 1453
1453 3824
3824 3911
3911 1910
1910 664
664 127
127 1061
1061 4114
4114 3258
3258 744
744 1820
1820 2488
2488 4199
4199 948
948 2335
2335 1464
1464 1318
1318 3914
3914 2050
2050 4450
4450 4869
4869 1049
1049 3215
3215 1188
1188 3171
3171 113
113 4388
4388 692
692 1381
1381 3499
3499 1396
1396 390
390 1663
1663 3575
3575 4762
4762 768
768 2810
2810 3478
3478 4957
4957 2238
2238 3786
3786 1545
1545 845
845 3056
3056 536
536 260
260 387
387 1682
1682 4946
4946 673
673 2969
2969 1502
1502 915
915 2088
2088 3941
3941 2290
2290 1385
1385 4979
4979 1990
1990 123
123 181
181 3962
3962 2231
2231 4750
4750 1997
1997 2890
2890 878
878 3254
3254 2551
2551 4779
4779 867
867 737
737 2594
2594 1272
1272 2633
2633 279
279 971
971 2521
2521 1109
1109 1966
1966 1528
1528 1108
1108 2254
2254 4695
4695 1804
1804 907
907 2679
2679 3437
3437 2526
2526 209
209 3656
3656 2161
2161 4138
4138 2982
2982 4782
4782 2641
2641 4021
4021 4986
4986 2629
2629 3808
3808 600
600 4594
4594 21
21 864
864 3989
3989 3034
3034 4992
4992 1928
1928 1586
1586 47
47 931
931 3073
3073 4608
4608 2176
2176 2707
2707 4115
4115 769
769 4810
4810 2647
2647 177
177 3424
3424 892
892 4126
4126 1890
1890 4113
4113 1235
1235 1014
1014 4525
4525 4641
4641 4894
4894 3344
3344 592
592 2115
2115 3359
3359 1964
1964 1623
1623 1625
1625 518
518 2608
2608 2764
2764 4417
4417 4920
4920 4363
4363 1114
1114 2342
2342 2175
2175 2364
2364 2578
2578 3765
3765 2109
2109 3295
3295 1781
1781 3869
3869 3491
3491 1487
1487 4772
4772 1620
1620 1104
1104 2268
2268 3065
3065 677
677 4449
4449 3473
3473 50
50 4012
4012 1251
1251 2846
2846 2485
2485 963
963 3772
3772 2779
2779 3788
3788 2433
2433 3427
3427 2192
2192 3774
3774 3900
3900 4981
4981 3223
3223 2288
2288 3251
3251 3445
3445 986
986 3545
3545 1278
1278 1742
1742 1863
1863 1457
1457 4393
4393 2735
2735 2550
2550 3463
3463 3748
3748 2475
2475 1553
1553 1601
1601 1043
1043 3909
3909 3693
3693 2973
2973 3861
3861 2247
2247 3523
3523 2259
2259 4714
4714 1551
1551 1220
1220 1205
1205 2539
2539 4623
4623 2009
2009 2770
2770 2554
2554 2023
2023 3744
3744 1739
1739 1992
1992 3169
3169 2314
2314 3366
3366 3754
3754 1879
1879 2199
2199 2200
2200 4897
4897 703
703 2755
1687 1697
4906 1687
4656 2200
231 4897
2349 2466
3956 4906
4964 4656
338 2349
1888 2983
3996 1888
1953 338
1410 1953
1354 1079
1006 3865
2586 3145
906 1006
3203 2586
3580 906
4036 906
2328 906
1716 3151
318 177
4102 318
2905 1032
1397 2905
4876 318
205 4102
3101 4570
3281 4876
3563 3101
4243 205
2829 1345
885 3550
1426 2976
828 4243
3751 885
3921 3420
4276 2026
208 3151
2656 1702
1615 4227
4838 4568
2759 2033
1412 3545
2034 1691
3026 976
4694 3026
2596 1412
538 2034
3274 4694
851 2596
3375 277
2462 2625
4893 1198
617 4893
3027 1052
4431 3496
2108 2897
2930 4431
1978 605
2649 2108
4794 2884
2834 3065
1729 1152
3319 1978
4441 1658
4459 2207
4507 802
572 1715
3367 1553
3493 4441
2194 3373
2204 572
4899 1703
349 501
3776 2204
439 2194
1465 2836
4327 1465
2986 2717
3611 2746
1897 439
31 1466
3632 4327
1191 1897
3461 1104
937 1897
1 3632
516 406
1734 937
4775 2798
3269 4101
900 1734
4351 900
489 3269
193 2827
2877 900
4337 1832
3418 4382
729 193
3414 3409
4629 1986
3081 4337
1512 2057
60 884
1577 1469
1736 1785
211 2042
3083 1736
771 1577
1535 3089
1094 2541
4326 1535
3838 4199
2305 47
870 2305
4034 1533
821 751
2059 821
343 2305
317 4502
2119 821
599 835
3750 599
2782 343
4948 1430
2360 4526
1253 165
1420 3750
4380 2265
4715 3606
4846 4380
2505 1420
1656 3010
527 3534
1559 2798
2477 527
1813 1870
4643 4500
659 527
3552 2466
34 1452
4593 1468
601 2109
3238 659
1969 1182
3560 4593
742 3238
2929 4761
4150 3560
1227 4979
4168 4141
2123 4150
2686 4029
1798 3942
166 2279
4480 148
4152 1798
3494 166
4453 4152
4482 4152
1896 3494
54 4453
2276 3494
3477 2551
3612 1896
1831 3968
120 3612
4831 4810
4697 4543
2098 120
595 120
4882 104
4462 2098
262 3684
1548 262
2112 3258
4023 339
1002 4023
2489 4781
1448 3832
801 4023
3111 1002
3285 4167
2167 4449
2731 2661
933 3285
4224 2391
4863 2844
1968 3638
1989 2198
304 933
3062 4863
1912 4863
3797 1968
2851 194
2041 2851
4218 857
234 2041
996 89
2310 2041
3400 1439
128 1854
2431 1278
3411 2431
3099 3400
2073 3312
684 3411
189 2431
701 3099
1606 4568
3118 701
1443 2490
577 1707
2174 1877
782 1606
2245 3118
3417 4728
3464 3724
1192 3975
4068 3229
1280 192
1445 1599
2230 4068
3675 1192
4614 3675
1874 2230
4503 1565
546 46
378 3675
3035 4576
3230 21
86 378
3570 2845
838 86
1626 471
4886 3296
4583 3570
140 4886
3255 3882
3218 221
1485 4187
323 3656
4204 140
4997 2529
514 3218
570 4204
3439 3373
3977 3143
1830 3977
4291 630
1092 4790
1704 1092
4836 1830
3291 4836
4411 760
3793 3291
2840 1704
453 151
259 563
1588 2840
868 3413
4607 453
4451 259
175 1599
477 1588
661 477
621 1473
2432 175
479 477
3778 2335
2387 621
4170 479
3679 4170
2403 4695
4818 4170
1447 2403
1894 2403
1206 2403
1375 4675
2191 1620
3500 2688
4820 1206
340 325
2327 4820
4874 4820
4027 1700
109 286
495 1333
2857 332
2781 3487
2260 1669
2005 4388
2538 2005
4348 2857
3947 2005
3122 4308
2811 4348
1538 2538
788 1088
233 171
1642 2003
3920 2811
2585 788
1807 2585
1338 4495
263 3617
3915 3920
2864 3855
712 3334
3165 2864
1983 3159
4492 3059
1943 1621
1063 2894
3546 1403
541 3546
3138 1943
1862 1854
1719 3138
2007 4419
275 1719
4434 3115
561 2679
3565 4720
4974 4619
3374 275
1404 4434
2370 3374
3446 3374
4331 2370
2103 3251
537 833
3468 835
2749 4331
1497 799
1248 3468
4161 2749
4003 3468
1866 118
2934 4012
1534 1248
4671 2549
4628 4003
4870 1866
442 4628
4149 4619
3306 4671
3211 4870
2118 3343
523 442
4420 4149
4898 2118
3245 4741
1442 1773
52 952
4146 4420
3146 4898
1643 52
1852 1442
3260 1487
4815 4146
182 4133
3995 1852
2937 4815
1167 3970
2663 4815
3664 2937
1674 1167
4271 626
4398 100
4785 2663
4107 3664
2604 3716
4843 4785
4368 2604
311 4368
2932 4368
2968 187
3937 2968
348 4368
4506 2932
3745 4506
1293 301
4456 348
290 3745
2533 4456
326 1451
557 2496
2492 3872
1382 501
2784 4474
1957 1382
3635 891
4123 2784
4001 3635
4465 4123
3475 4123
4654 984
1544 1052
3858 4395
3595 3858
991 3595
2101 819
2380 4476
1639 3684
2381 991
2998 2066
3214 3624
4257 760
738 2998
137 1322
1875 4257
2914 738
1873 137
1078 1875
745 4603
3158 1875
2611 745
3024 3158
1217 1078
1027 865
1236 1799
2463 2611
720 1217
2440 1027
4010 2440
4390 4275
641 4010
4632 3801
3293 748
2339 197
419 641
4520 3889
1005 4632
3350 4520
4375 730
108 3350
3636 4520
2908 2679
3841 4085
4768 1014
2978 3636
697 2978
2113 697
706 2113
2296 4235
102 4025
3895 706
938 102
3402 1117
238 2020
3220 3717
1886 612
874 3402
280 3402
4017 238
4737 802
4280 1886
1805 4017
3981 280
112 2496
4674 1380
1665 2388
3527 1805
1950 3981
1292 1367
3978 3527
4733 3527
3569 3978
3548 1609
183 3569
4006 3569
1160 183
2125 4659
4615 4006
3517 127
3867 1627
3802 3450
4924 3867
4154 3538
1605 1644
3708 3199
2869 4924
250 2869
3279 1605
4729 2869
1604 653
4597 4729
1184 3717
3166 675
852 2515
4814 152
2460 2550
1567 1184
1308 2460
1947 4814
1260 4473
4458 1567
4314 1308
2579 1308
663 4138
2895 3359
1511 1688
2472 2948
4985 2579
3845 4325
4780 3845
2671 1332
4955 2645
4338 2671
9 4955
2950 4955
121 4338
705 3015
1961 4338
690 228
910 690
3430 121
3407 2120
1867 224
4830 87
4111 1451
33 4872
818 4111
3510 1867
4226 3039
913 3510
2320 3510
642 559
2452 586
2227 4226
4321 913
904 642
1837 209
1290 2452
2195 869
997 4205
2299 1837
844 997
4173 844
4934 997
4353 4800
2325 4173
4888 1939
1730 4888
2910 4934
1960 2348
270 2150
4647 2150
3286 758
4504 2820
1074 1960
199 3286
2491 199
505 2491
1374 316
3435 3642
1810 199
1086 4544
4427 1810
1348 324
428 3435
4119 4427
2896 4427
905 2779
611 2896
1204 611
4078 611
105 905
1838 1204
1821 1204
4793 1838
4490 4793
1071 1821
1328 1838
2402 165
2783 2402
764 1328
2153 764
7 4871
2076 764
16 7
521 2740
4232 16
468 3268
4092 2982
65 281
4574 777
4532 4207
1208 1889
512 65
2303 3991
3660 2196
3908 2750
3140 1208
355 3908
441 1993
749 1851
2904 266
608 4549
1478 1514
3576 2107
942 931
2708 608
725 2708
2426 81
3149 1694
2605 2708
2867 2426
2936 2712
1856 2867
2876 2867
3931 1856
4190 2936
3017 2314
4009 253
55 4190
3434 3017
2825 4563
2906 4408
2559 2906
1735 4601
361 1735
2921 1735
2250 2906
4533 361
1172 123
3721 2250
4472 1507
1215 4205
499 2272
4611 649
4585 4611
3092 2017
1189 1215
4399 637
3568 1189
820 3334
1115 820
2542 2254
4555 625
423 4742
1984 4630
2739 4555
2848 4555
4 2848
2126 3036
2016 2524
4132 3505
4595 2126
3221 23
2487 4438
4617 4595
1954 4617
4022 3221
2919 4700
3557 1954
341 3557
553 3244
4971 2483
4510 553
3183 312
1386 4018
2401 4971
2653 4819
4007 1386
4916 3183
3677 2300
1614 2257
3868 3526
556 3868
3689 3145
3789 1614
347 4478
4987 2874
4106 2457
4983 1628
3848 4308
299 4217
1159 4983
3661 3189
4918 4983
1190 299
829 3661
2780 1159
3113 2273
940 2359
4379 940
394 3159
2185 3113
4573 4113
1791 4379
4624 4306
4646 186
404 4624
202 1695
3239 202
1130 202
2972 3581
2397 3239
162 374
3585 2556
4665 679
3572 2516
2081 3585
1929 2081
3233 2081
4179 1929
4341 3445
2052 2620
3240 150
4324 4179
1107 3240
51 3882
1683 1879
4547 1362
1091 51
2102 3169
3428 1683
967 914
2014 1091
1970 2102
4084 3693
4365 1088
1587 542
3067 4065
2720 3742
4216 4751
4743 2778
981 1195
4606 981
3876 1733
1727 4743
660 3876
973 3876
4254 2475
1116 973
3078 2215
2358 1270
4116 1829
1631 2358
2522 155
3950 4109
4159 4199
4900 4366
2564 2150
889 4159
1882 4040
1608 889
809 4514
4349 2115
1646 2405
831 2899
3079 4349
1722 809
4319 4349
3325 3882
666 4787
3555 4319
3305 50
2395 666
4397 366
1001 666
2467 4845
1816 3305
3999 4397
3465 2467
535 4701
1283 374
3740 4761
2944 3321
850 1405
4722 106
1193 4816
1532 4887
4669 850
3727 4669
4266 4722
2703 4669
2385 1532
4440 914
4996 3727
4767 4996
2763 2703
3953 4996
803 2763
2849 4996
4498 803
4501 2849
1527 803
853 1870
665 2849
1312 3724
4848 4289
2006 1890
4778 2006
2714 366
2693 625
246 4894
2916 1235
620 2693
3864 1072
1828 4640
451 2916
1826 2916
4550 620
2754 451
1508 4550
1207 1270
929 2754
2135 2754
3583 2609
2627 1508
3894 3844
69 929
775 333
4448 4873
4927 2627
3929 457
1531 775
4738 1804
3023 1531
3136 406
3432 3136
4342 1267
4344 4738
767 4750
4373 4342
1504 767
2872 88
1590 3922
3016 4373
3733 2872
4300 3733
1731 2872
2183 4300
4892 2348
3162 1675
36 4300
2343 1228
890 4961
1180 3162
2967 2499
1543 2343
3132 4048
4249 1180
2632 4249
2721 3132
167 4249
3060 4249
1944 1430
1424 2482
2575 4496
1684 1944
4230 2575
4809 1282
613 2712
3686 1684
1157 3295
2086 4809
1132 3686
1754 613
1288 914
4469 1157
1571 1754
4038 1571
969 373
1909 2606
1060 1909
1224 1415
3106 1060
502 1909
2865 3106
4063 1224
4932 3106
1795 2587
1273 502
367 4932
1351 4872
2146 934
1222 1351
3564 1166
672 3575
4784 4525
2768 865
893 3545
2501 672
734 2501
4258 3951
399 893
3875 893
2043 4981
644 632
3700 4258
4534 405
3154 2040
1906 3289
4335 2323
240 802
145 743
856 145
4921 491
3201 145
2612 145
380 145
2029 842
2262 3201
4491 2029
1935 3730
3225 4383
1846 1935
1581 1846
4727 1581
530 4872
2690 4727
689 1581
4855 2690
3893 2374
3476 530
4538 3476
379 4855
1030 958
276 379
431 1030
2816 1030
3232 431
4096 3448
3284 322
4783 1279
1994 4096
4880 3232
4083 4880
2132 4083
4201 1640
4708 3551
1713 3526
1241 4201
2512 2912
153 4201
912 4708
3266 569
4105 1241
4804 4105
30 1051
4391 3265
2046 2927
99 4701
3805 3311
1427 30
1690 3805
1488 3526
762 3805
4466 1427
1133 762
2099 762
4301 2099
2818 762
2448 2818
2705 2595
2657 2099
2446 2705
4943 3799
2582 4943
4310 4943
3141 2473
2179 4310
4104 3141
1148 3141
1653 3141
1809 2179
1482 3528
4572 1653
295 1809
4788 295
4323 295
2209 3294
3297 1065
1537 2209
2659 4788
2243 1537
2474 3889
203 2659
4033 1537
195 1272
1769 880
2500 1104
59 2595
1233 2161
2151 1233
26 2500
2269 2500
1570 26
3055 3645
1696 4060
1287 1931
2988 2969
4990 177
408 3326
1629 81
3390 4990
2136 4919
3892 408
62 3112
2610 3302
3522 3390
4248 2594
2560 2610
2738 2560
4345 1966
1121 600
4221 1121
2341 2321
4515 2287
3992 4221
3436 3385
3629 4040
740 501
3361 2032
2838 3436
1917 3629
191 740
1388 3754
2309 2764
1472 1388
4352 1472
474 2835
710 3801
4403 4576
787 710
2706 710
346 1528
1594 2706
307 4867
2331 787
1760 1396
2662 976
4577 1760
4057 2331
4705 1760
2361 1760
251 3764
2004 2398
1583 2835
4754 2361
2772 2361
2868 4903
2685 4754
4698 4499
3706 2772
2292 2685
4912 2868
4786 2608
3515 274
1305 4912
4509 4576
3654 4509
43 4125
4683 1305
331 2898
1358 1724
215 331
4832 630
3261 373
1344 4449
4662 416
3157 3587
2987 3261
1223 1344
1306 4130
2791 4473
2684 2791
3453 2684
4334 1306
163 416
3288 4334
2486 1990
4591 2109
4684 3685
3784 3288
3490 3288
3438 2238
3657 3438
3933 3295
998 3523
3907 3490
1768 3907
987 4742
1624 1051
460 1624
4866 1624
811 1471
2648 460
4181 2348
1645 460
2614 2648
2961 2648
3507 2571
1300 2746
2163 2066
2470 2614
4735 2470
214 3507
4658 2470
3584 4658
2352 4735
631 4735
3372 3427
957 3911
303 35
1589 3056
3021 631
2681 754
1600 4396
1927 303
4194 4113
2520 4194
786 4790
2664 4731
4487 1528
1213 4487
860 508
674 860
2695 3914
3722 674
2436 1845
4678 2695
930 2436
4960 2436
2592 930
3006 2436
342 3029
3338 3006
1444 3338
2993 2468
3536 433
3195 1517
1042 3195
2991 3536
1575 4621
1067 3195
3280 677
3720 3095
2414 64
4118 1466
979 3280
2184 4118
810 2482
2510 842
3108 4283
1494 979
3129 2510
785 1385
2534 248
1029 2457
3397 3129
4511 3129
71 2836
574 3463
4850 1029
3694 1640
3637 4567
756 4576
3553 1131
4127 2912
1100 1345
524 4500
520 1550
4002 1318
1737 2514
2382 1100
3877 2382
4267 217
4749 2321
2799 4267
2169 588
446 2169
1948 2169
2945 3524
2392 2945
269 1948
1327 2689
4858 2392
3331 269
293 1742
4610 1327
1359 2631
2162 1359
3831 312
1647 4561
3193 1845
2509 3777
1033 2509
783 1647
392 4759
2178 1033
695 2178
78 4531
1031 78
531 2178
816 3124
1393 78
2555 78
3342 1031
1165 531
146 1770
4286 3420
201 4640
1780 841
1470 201
61 4286
1169 1470
1170 61
1651 1470
4672 1170
614 3925
2938 1651
587 2058
3614 587
4076 4672
603 3614
1778 2938
3382 603
509 4076
3459 2411
4404 509
315 4089
4209 2846
1973 373
806 3459
3100 4209
1783 3483
3602 1783
3102 1907
3731 3102
4389 4977
1446 1783
4423 630
1652 4389
1998 1652
3152 4423
1920 1998
3771 1998
357 3806
1194 4085
3419 3524
4044 357
1753 2409
2508 357
1347 4044
652 3719
1097 2789
3621 2508
2220 1916
2787 1347
2263 652
2240 1097
466 3621
2879 2263
939 2879
506 1742
15 466
3541 1021
3117 1688
3168 939
2224 506
4505 1625
2264 4505
2131 645
396 2090
1299 396
3932 2264
3051 1299
623 1967
1612 486
1009 1612
3704 3051
721 1612
2319 1804
24 2319
1137 3704
1324 1774
3004 4619
3287 3015
726 3004
4014 2074
1542 3287
4385 3258
517 1877
3620 1550
3408 1563
862 517
4202 3756
2111 3408
2031 862
1265 3716
1023 862
3228 2111
1378 1265
1824 1036
4635 1378
3482 3228
2935 3482
4394 3482
4791 1824
1247 4635
4145 3482
3768 4043
1411 3105
4277 3499
3184 1411
4370 4145
2168 1433
995 1785
3503 934
1547 4231
1249 730
1295 4395
418 3503
3518 1249
1617 1295
485 3518
1686 4568
503 2456
1595 1686
1833 485
4430 1595
2203 4685
858 4430
529 4430
3037 4253
3804 2342
3597 3037
1541 3449
4915 3037
1945 863
3743 3336
391 1541
1661 1945
3181 383
1317 3444
1298 1339
161 1802
3666 1317
4769 3181
2792 1298
2013 3332
3440 2792
1557 2013
4670 1514
4982 2947
4384 1710
2613 3089
4718 3321
2396 1884
2261 2396
58 2405
478 4718
359 2396
4446 2326
3033 4446
2833 478
3271 3693
115 3271
602 322
4704 4455
1225 3271
1124 1714
1171 4704
3452 3395
2795 3452
2010 3824
1438 1934
3817 1430
3533 3817
4638 3817
4077 3817
388 1438
4273 388
2412 3533
4313 2805
2193 4273
4966 2193
4237 2143
1315 4237
2694 2918
1402 2694
2806 1315
837 2806
3739 1179
3022 2694
4051 3022
3924 2323
2410 2946
897 3678
184 2410
2063 475
3061 897
849 3254
3540 1082
256 3061
2105 3061
4933 3061
3878 3540
135 2532
4984 2105
225 3878
2817 3878
3905 4984
1855 2817
715 1885
3096 2817
426 3096
507 3455
1784 715
4035 3096
1579 3096
2886 2622
96 1579
350 3575
2497 4493
3930 96
3196 2835
124 1808
436 124
1238 3196
2870 2252
4571 1703
1321 3309
2206 4571
4304 2870
2064 1526
4428 4525
945 4304
10 1988
515 10
68 414
3226 68
4883 3756
1011 4711
4016 4883
4072 4883
90 4195
114 4072
1503 3988
4401 799
2441 4072
1913 1991
1475 2441
3692 562
3899 3692
3387 2177
3398 3795
3064 1475
2962 3064
3630 3398
2774 3064
2278 4535
2831 2774
3219 2831
2110 1514
567 4500
549 2853
988 1368
1085 988
2121 567
3715 2161
2892 1085
728 625
4053 3715
795 4053
2244 2277
2574 1982
443 2244
4651 1270
1026 2244
1664 3887
2926 1026
1814 2926
1618 4205
4852 1814
2590 559
1552 1814
3393 2718
1017 2502
3001 1510
1630 1552
4824 3393
1185 1220
800 1185
76 4839
4269 2741
1149 800
2859 76
1905 3065
2669 2524
4519 4269
1041 484
2379 1390
807 3084
3011 4519
1806 1041
4425 1409
985 4425
3422 985
3599 4425
4702 985
1364 4702
2223 4144
1667 1611
321 4702
1371 4054
4402 1371
3702 1371
415 4495
85 2764
1000 3942
2383 3702
2965 4245
2232 85
2544 2232
2747 2232
1303 429
4219 2544
3890 288
95 2544
3204 723
4941 3712
2990 4941
972 4941
4696 972
2422 1486
3836 679
2155 4696
876 2422
2266 1724
1493 2155
951 1493
2953 3667
172 951
1111 951
4690 136
2222 92
3955 4865
1556 382
77 4460
2351 2222
964 2222
4409 1576
2149 77
3345 4250
1562 3345
2024 3345
3710 1562
954 2149
4497 4641
4956 4811
481 954
53 3710
2557 4956
2417 53
4910 2557
1319 4406
2626 1405
594 1907
650 2417
4808 4195
2239 4137
1376 4808
3318 4808
1349 2771
1334 3318
1657 1952
3066 1054
4024 462
4042 1657
3317 4042
1955 3278
3851 1955
2095 3317
772 4042
4528 104
4346 206
3209 772
4213 4544
982 3015
688 1409
773 2326
3535 3511
3396 387
647 3396
4879 1440
4000 3642
2465 647
2069 3396
1178 35
3919 3410
1164 3448
2122 1164
4307 1164
2035 3986
2316 2035
1946 3103
4229 1946
4842 1946
2584 4229
2796 1946
2601 2796
2442 1568
1120 2796
4736 1702
2727 2457
3155 4736
329 1120
3775 2457
4124 4736
2891 3155
179 3775
554 329
1602 179
1796 3997
70 147
4914 179
4578 4914
2809 70
2429 123
27 2809
1793 4231
265 1793
1019 265
3670 1793
2861 1329
953 365
4825 750
2580 2805
1747 4363
4546 2580
1976 1663
1498 1747
3819 3581
1274 3819
4252 4673
4726 1563
1231 1895
784 3819
2047 1392
4746 2047
3809 4726
4853 1231
2940 4853
1764 113
2854 3809
4889 1764
3639 4475
282 1907
791 3526
412 2188
1187 282
1141 1212
1822 4182
3812 2427
4592 1622
975 177
3758 4592
2376 2313
3097 2376
4295 3744
291 839
1101 4295
4191 4873
4140 1101
2476 922
584 2288
1777 289
959 1714
3904 959
3554 584
2767 2707
576 312
2375 3554
1093 3224
2336 2767
122 2767
149 122
3019 4101
746 458
3012 746
1025 3019
2225 746
1523 2225
2949 1742
2214 386
1539 1313
4359 1380
1304 3125
1099 1024
3917 1748
4261 1539
3598 3365
261 1895
2308 1099
435 3917
4429 261
4485 4429
1275 983
2957 2789
3863 2866
2172 4429
4835 1275
3643 294
3416 2516
3040 1340
3276 322
3944 4835
4930 3275
398 3415
3849 3427
1461 3849
2097 3849
2655 2097
2140 3849
960 1461
4143 2097
3725 960
3883 1560
3013 3883
1106 3756
879 3545
2603 3013
3627 4630
2015 409
2434 2015
3322 2434
4312 3322
4626 4312
1725 1128
1145 4575
3513 626
2517 3764
4682 1145
3549 3071
2567 4797
671 3124
1597 819
2744 3549
1720 671
4582 1501
377 2699
956 2459
4713 649
765 542
57 956
2000 57
1066 4645
4074 2969
389 1043
1741 1146
3447 2000
3357 236
3236 819
272 558
1516 272
4259 4623
397 272
3820 3235
237 1516
2378 1516
142 397
1878 397
2698 4700
1050 2698
4864 4634
401 1878
2096 2778
3340 2192
2729 4864
4452 1942
3529 1020
2786 2729
3773 4920
1492 4452
4878 3529
1419 4176
2558 1492
4828 2558
4655 4878
3046 235
4156 1621
117 4787
1977 4046
3769 3046
3371 4750
371 4156
3467 3371
2815 1082
1861 3057
4939 371
4922 2815
2674 4922
540 872
3501 3808
4548 1146
4494 758
949 2674
1762 2265
3647 1762
4241 4494
755 3469
1038 4839
1387 4241
2291 1038
2093 1038
970 3483
3972 751
3940 4576
2536 3972
2915 970
1782 1733
2762 796
2394 4388
3213 2915
4923 2762
3107 3551
2241 2820
1641 3107
3850 4138
4973 1915
3813 3107
3259 2805
2281 1641
1761 3850
3333 2408
2676 2793
2980 3966
381 2127
2785 792
2430 3105
3121 2313
2813 2430
4236 2279
4622 2785
3222 2430
3800 3839
4904 3222
2588 3800
1153 3388
966 625
1434 2588
3960 1434
3521 1434
2600 4447
1654 3960
3593 768
2794 3491
4318 3593
467 4318
362 4318
2166 235
455 4868
4030 2757
2704 73
639 1481
2189 2166
2593 3039
2357 2704
2970 4382
2055 1271
1887 2608
2565 1517
3837 4475
12 1887
2769 1088
169 2565
4928 989
232 3837
2190 169
564 2734
4826 2190
2581 564
2873 2190
3856 4570
4020 2898
3980 3251
4489 3980
2758 2226
1603 1915
2807 3029
2208 3980
836 3746
4972 2807
1490 2807
2878 2456
4422 1228
2552 4422
476 1490
2666 2315
702 2878
824 1362
3543 476
424 476
3600 4782
449 2551
2832 824
3506 737
1018 3600
2535 213
2025 3714
899 4366
3179 528
887 3550
1450 2547
3939 1746
3328 1450
1123 887
3516 887
1276 1123
496 3939
656 3
3732 496
2367 656
3618 2764
2079 316
4233 2947
1320 3618
3137 4421
2863 3618
732 3241
3623 4512
1848 3034
4798 3075
3683 2890
2903 3623
1216 4798
292 757
4410 1486
2324 2514
3979 1884
1384 2324
3048 532
3652 3115
2598 339
3077 1851
2540 1384
2068 2750
1357 4877
1996 4747
2289 2068
3532 3764
4066 609
2312 4089
1985 221
593 3581
242 1621
2839 677
3090 1985
4755 242
3658 2437
2369 4755
2039 4755
39 4755
3949 2039
450 4182
3781 936
832 39
3174 39
4457 832
1064 832
4260 3174
3814 3316
4773 213
4062 1739
3701 3814
1519 187
1454 4383
103 1519
1772 4062
1083 3444
385 4366
2171 4986
1959 385
3676 3730
3574 1959
4756 385
1087 3676
2881 3575
2253 2881
3337 2253
3457 1087
1112 1500
927 3457
590 2158
3586 4126
2518 4197
1787 590
1483 1787
3985 4231
4896 1787
3898 2518
4095 3898
4247 2405
314 1871
704 4896
1325 704
1919 4095
4978 1325
3582 314
196 4978
4717 2188
4263 196
158 4961
2583 187
3885 158
3347 2996
2160 2583
354 190
3936 3753
774 4817
3429 2485
2104 2177
4484 3936
843 4089
2651 3429
3472 3056
2636 2651
3690 2651
805 4174
724 921
1495 1877
3355 2636
3871 3355
1506 724
854 1698
1633 3871
4609 3871
2862 3765
254 4508
3087 1633
3846 3761
18 2354
3086 3846
718 3086
4050 1015
3025 4050
330 2362
1102 1282
1842 2900
393 1842
687 2345
4157 1102
4776 393
4518 1842
616 104
3779 4518
1055 4776
4086 1380
1901 89
67 3724
2924 67
3054 1055
1835 445
741 2374
2404 741
2958 2924
2445 2958
4067 366
2572 4817
4980 2556
2338 3392
2270 2445
48 2141
1685 4980
2249 4980
1369 2338
1987 1685
2334 1502
285 3469
4298 501
700 2334
4165 3258
3267 4138
1214 4298
1522 253
4103 3267
813 1522
4121 3267
1792 4288
483 2405
3358 902
360 107
1900 2459
119 3358
4251 4080
1749 4251
1999 1749
3045 748
2617 3695
846 604
1721 1999
1103 1999
3163 976
4657 3163
1232 4657
1058 3644
82 2279
1096 4657
4061 1058
352 2771
1857 3615
3659 82
4849 4061
2850 352
4829 352
2356 3791
1555 2850
2298 4228
3127 2850
2824 2049
2682 2356
526 1271
3862 526
4766 3862
3687 2776
4189 3862
4890 3687
3207 4240
4884 4189
3578 2974
896 3207
4281 936
3542 152
2306 2398
2589 4360
2852 4281
2952 2306
2022 1877
1361 3866
173 2265
4860 2022
3954 1566
267 607
4789 4860
4134 3954
4799 4134
4387 4235
1432 4499
56 559
2576 4799
1853 2995
4479 4649
2233 3178
925 2233
2766 630
2002 3617
3881 925
2210 563
589 3881
2621 1598
2285 2002
4612 3823
3433 2621
407 3433
4721 2285
714 2595
1962 607
1815 4931
4521 3128
1933 4408
4203 878
550 1962
1144 301
3815 1933
4305 2541
1383 4203
3794 2468
3327 4207
3175 1383
1980 3150
2030 3175
3072 1980
368 4332
1925 3072
4037 4559
2469 1925
2251 3386
1263 3788
2053 2251
2856 4037
947 2856
25 1263
4315 2053
4763 81
1958 3938
3020 1152
356 25
5000 4763
3829 1958
965 1068
2454 1430
3971 1235
2001 2647
3634 2001
1057 4406
2800 2454
3356 40
4468 4813
2667 383
1268 4292
4666 2800
3735 4551
255 4938
4740 2667
4444 4666
1637 4666
4169 4444
2027 4856
978 4541
4039 4444
1893 4339
437 1139
1150 437
1296 3534
3834 437
4837 437
164 4991
2044 4867
4158 2609
3833 2237
2728 1854
781 4158
2954 2728
1353 4567
4953 2954
1337 528
3237 4947
2494 1353
4513 4060
2858 390
560 1337
4433 560
1554 2494
2458 4366
3404 4433
1040 2458
3590 958
539 4162
2860 1714
4439 2860
4477 3590
2318 4439
2821 1937
2070 2820
3559 2070
2658 2821
1110 3839
4902 1110
4709 4493
3172 4382
3512 4695
4262 4041
1266 2550
2743 3759
1250 3172
1956 4947
344 1956
3928 344
4435 2743
4414 344
3234 2054
2942 680
901 3234
4822 3478
3314 3847
2283 4856
2955 4822
3807 1156
4710 2283
4091 2283
2732 4710
2415 4133
1366 4091
662 2732
2419 662
174 277
4605 1084
2294 2820
1421 2742
4098 2333
579 4139
2372 3755
4833 579
2882 579
624 2372
1269 580
2236 624
4432 3388
1678 4272
1549 1128
3603 1549
74 1549
1401 74
968 74
2390 2321
17 74
610 74
2933 2428
1572 1182
568 1467
3227 4133
2887 610
222 1572
2644 3227
3948 2644
297 222
3520 252
4909 3774
3460 2638
3135 1020
4220 297
1723 934
4851 1723
3139 3962
759 3525
4752 759
1711 3139
3711 1767
3884 2154
2366 4113
1350 928
709 3906
3200 2427
3349 709
212 3437
3114 1350
727 3349
3480 727
2959 727
1044 1323
4805 88
4056 2890
4210 2959
4958 4867
808 3748
3384 2413
736 3693
4965 1934
3556 4958
920 3556
2498 736
1098 2740
1911 3556
3249 920
1593 2498
2963 841
3509 1593
882 3249
3633 1593
2114 1593
4225 2362
1596 4225
3648 2114
1708 2114
3589 2114
139 3589
1613 3589
2173 1708
1834 2173
125 139
4552 1941
763 3976
3383 3587
461 1834
4418 125
268 3383
3470 4386
4093 2161
4560 1440
2072 268
129 2504
4795 1524
886 1486
1786 886
2056 1499
3567 3388
75 244
668 75
3202 1876
3363 1521
4664 3363
1672 4664
3290 3202
3655 934
2513 4664
667 4792
4282 4162
1965 667
305 667
3272 4616
2386 3646
3098 305
4099 3098
1090 921
2683 3272
670 1090
2668 1453
4069 2683
4936 154
4517 281
993 4517
2568 4517
681 4069
4211 1395
1034 2736
992 2568
1811 992
1797 681
3335 1082
2258 4283
3592 1797
3164 1797
1775 1346
3282 1992
4940 2846
3329 1966
640 3321
3674 4940
1022 4144
2687 3329
3736 4283
4381 3736
2716 2736
3573 696
638 4570
134 2539
3426 2750
1981 4393
4523 1981
2925 134
3691 1904
4058 2741
3378 4523
4160 4523
2907 4499
4589 2629
4963 4589
1431 4589
4745 2595
1113 1694
3394 1431
245 1431
3718 2348
3607 1113
4147 3607
3186 3774
3044 3186
1127 3186
3070 4856
3835 3186
657 3186
4028 1329
2530 4028
1858 3835
4881 2530
3705 4028
4739 3684
198 2530
3110 4881
2217 4739
1291 4739
3346 1291
804 1162
2901 1623
4330 2217
683 3052
3608 4862
4206 679
2481 2524
497 2504
3008 1533
2826 3008
1331 252
555 1195
3116 1331
1336 277
4426 645
571 462
3492 1336
4172 3116
3308 1336
2841 3034
2814 4172
3320 3308
498 3707
1880 2712
4223 3320
2956 2049
4299 3320
990 2956
2761 4299
4976 4223
2999 2761
3596 1068
510 2999
3790 3528
830 510
3798 81
888 3798
3897 830
258 1457
1480 258
2909 3717
3547 2411
3766 3746
1129 2675
4716 1129
29 3766
511 3766
2713 1611
2994 29
1843 2994
1077 2994
2062 2599
4692 2827
4581 2062
1864 1843
1301 761
3489 924
648 1864
4995 1301
2670 1301
4090 648
2692 4090
4753 4618
4333 730
3471 2692
4764 4753
916 4272
4821 4130
2438 4764
1201 4764
4153 3278
434 916
3787 434
1242 4153
131 4502
45 1242
363 470
2823 45
3843 4272
3973 45
300 2823
4587 3843
4180 209
79 3427
855 4587
1751 4180
2722 4730
2451 1414
1449 903
1289 2451
3818 2722
1423 2722
1176 1289
2307 2314
4885 4272
3792 2124
629 1423
3926 1799
1081 4885
1679 1069
1847 3926
2678 2541
3250 4526
4377 3250
3380 4377
1406 654
4681 3275
4758 4377
1136 1322
2597 4681
917 633
2804 1668
881 1517
4998 2597
3537 2619
1314 4998
1536 2804
651 881
1726 651
1836 1314
3857 445
1416 651
3194 1416
97 482
3003 1836
932 2624
2975 97
1636 3003
3210 3071
3038 4363
1732 1636
770 3587
3458 770
4294 1373
1938 4294
273 1938
2037 3420
3091 3458
4239 2037
4100 4388
4801 273
6 2037
4584 4685
4942 4100
1330 1335
4287 3581
422 6
1243 1510
2696 4942
1676 92
3519 2377
3360 1243
504 1297
685 504
4222 504
1255 1070
1056 4937
2871 213
861 2871
4962 1056
1574 815
2080 4551
2665 4962
2569 3075
3208 1574
2790 4516
1936 2569
2302 2569
4661 3208
4652 2302
3698 72
4328 1936
3303 2032
4064 3303
895 3303
3983 892
4196 2625
766 653
156 2279
1827 4265
4270 4417
2144 2996
3144 4270
2943 3755
2221 2144
159 2144
3484 4362
877 4601
3253 159
615 159
1840 4525
619 3484
4642 619
1776 3253
1638 1840
2205 1638
4049 1638
3961 1776
1803 3961
4200 1803
3591 3749
3147 3591
676 3147
2368 4986
3903 3591
2406 2672
4907 3847
4110 2406
421 1997
3762 2406
3544 2406
345 3762
4392 2350
3854 421
229 4392
2416 3982
2180 2416
1398 2313
3442 1628
3481 2516
1649 4991
2640 3248
578 2640
2723 1649
1155 2723
3148 578
4556 1209
1740 3148
716 857
2371 4309
4316 3148
898 4316
1908 194
223 898
4031 2371
1573 1908
3870 2793
1800 4031
4925 4139
3891 1072
2752 3891
1229 1439
3264 3891
3364 4925
911 1379
655 911
591 1584
1161 2050
3713 2165
80 911
4350 1161
3668 2606
2138 3808
573 3713
2745 3588
3153 3668
4244 1072
2989 3153
2137 4565
4827 2745
4011 4244
132 4244
3605 2989
3485 302
4045 1773
4163 2090
2654 2984
98 3605
923 3485
226 98
525 98
4847 923
2616 525
3610 226
1898 3610
116 1114
4372 4847
227 3610
487 1528
606 4372
395 4372
4032 395
1062 227
1310 2997
3339 1059
3425 2846
943 1062
101 2969
2527 2198
817 3125
3662 817
3842 817
32 3842
4208 2391
2537 2734
2036 4166
2484 3882
4699 2537
2164 4699
4320 2036
1400 4320
141 444
1940 141
4744 2164
847 2493
4117 2836
4376 1940
2384 4744
1670 2384
3816 3235
1122 42
4580 3816
168 4580
2828 4580
4823 971
3723 1307
247 2828
707 247
834 707
20 4823
533 707
4586 247
519 20
4183 20
492 777
239 519
2087 4586
3709 2347
3277 4644
1028 2087
1257 3874
2082 2528
4424 2082
4631 2082
271 2082
160 2061
1763 753
2637 4253
4542 1553
962 271
4770 194
22 2637
4445 962
4374 1134
627 4770
2951 4770
4238 2688
722 2836
3031 1745
2545 2951
230 1458
1844 3031
2065 2490
1771 3031
3353 2065
3963 230
3594 3389
4540 2519
3076 3594
4999 3645
430 3963
1673 1745
4650 1964
1119 430
3049 1119
2011 1235
918 1673
1850 3049
2293 3049
3160 918
4691 1850
3737 1439
3967 286
2145 2377
313 336
2642 3888
4073 3967
4875 3967
2941 4875
793 1166
3640 197
691 2941
4297 4875
698 691
2992 3640
2725 691
4175 1988
2148 2992
1789 698
1979 2992
358 4175
2186 4175
4407 677
4524 3900
3508 4217
2018 3508
1477 839
204 4060
3212 204
1429 1477
1408 1429
4562 1218
1076 1429
4803 3065
2019 3189
1610 1076
3173 464
2615 1076
2602 867
2355 3223
1309 2602
2317 2355
4905 2317
1246 1658
1462 2090
1974 3065
2479 1902
4188 1462
4545 1316
456 3757
4336 4522
4706 1564
2634 4706
2464 4706
4185 3241
219 2464
2051 4185
4602 4969
935 2464
2085 47
3726 2413
3421 2085
1326 3726
1484 4986
3441 1326
3912 1484
2523 1399
2573 1484
2711 739
4290 2711
1823 3951
2048 2573
2084 1118
4944 2084
1342 4944
1203 565
3860 383
2646 3935
1718 1203
3263 4136
4689 2646
2777 4689
3170 1373
3304 984
1923 4604
780 3304
4148 1923
207 780
2677 3678
3663 4920
2977 3663
452 1468
2964 769
4358 4060
2295 2964
583 4358
3292 2964
413 3292
1655 583
3262 1799
4415 2715
1435 3292
2128 3262
883 1655
180 984
1226 4412
4970 2529
2765 883
3810 3882
3825 1742
4264 1226
1391 3825
1505 2717
2187 3311
3167 3714
2255 2503
28 1545
4129 2983
3401 2255
2400 3976
1356 28
4590 1458
3002 3511
4719 4508
3728 4688
678 833
2365 678
3943 2152
264 983
2985 3764
3000 2365
3651 3562
3323 3000
2525 3777
2330 3717
3406 2525
490 4356
19 2330
3699 1739
4464 19
3902 4599
4087 4122
1817 2675
2248 288
66 3902
4184 66
403 1271
1476 625
4047 66
4059 4184
3182 4059
598 3182
351 4059
980 351
216 2673
3009 1790
2607 980
866 351
454 216
2211 1566
908 866
3301 908
3827 454
1239 4834
3399 908
4676 3827
2566 3827
4361 2566
1154 470
4142 976
2282 4142
4968 4361
1660 1154
4901 2623
2883 4901
4322 4901
581 2562
1016 4911
1865 2883
1529 2883
2455 3738
4255 3
2271 1529
3063 1529
469 3782
1441 3063
3300 4255
3811 2271
3616 3463
2701 3806
2697 3071
2329 3405
143 2329
2719 2329
3377 4443
4566 2719
2808 414
144 3377
111 2719
3298 3986
894 1939
4596 4817
513 4596
1666 4596
776 486
3934 894
1261 4596
2511 2157
3047 4317
4486 3047
402 4493
3998 3823
93 402
2075 3047
4840 2927
2923 4840
3270 3437
2201 2923
545 761
1635 3270
2710 3755
2363 545
4268 1845
1825 2710
4527 2363
4088 963
3539 4527
3741 1528
1177 4527
1004 409
4554 839
2553 2504
4215 1322
3945 301
3247 4215
176 3247
2797 3366
4807 2003
658 3945
2724 658
1788 2473
3561 1879
200 3631
2028 926
2229 1134
859 1258
3187 4537
3504 200
1479 2028
1841 186
3946 1479
2773 2946
2830 1841
1569 177
2630 3669
4378 3946
2591 1569
2439 475
3007 1743
731 4378
2280 3619
2471 1109
3952 2471
3770 3171
4557 863
4553 3952
432 4355
2917 1466
779 2424
4844 1951
1048 4844
4633 432
2577 1048
369 1143
3243 4419
575 3075
752 2577
3018 4065
2344 3243
1671 3105
2461 2344
3923 1671
2274 1885
157 2274
1163 157
3042 3923
1995 157
1869 4993
4019 4969
3916 1105
3068 1995
4155 1869
2702 1759
1779 2641
3242 1779
11 3242
618 1710
1455 2702
3104 11
4005 4712
306 4800
1372 4005
1699 4005
1360 1277
2213 1360
3341 4947
3256 3966
2803 4641
4564 3341
44 3642
1459 3256
1860 3427
2788 1267
1352 44
3354 1459
3474 3667
1752 1860
2234 4762
3283 2618
713 3283
2346 4911
2116 1752
376 3283
3571 376
1210 1235
3734 3252
4079 1210
875 376
4734 1210
3431 2
3094 4558
2182 4731
3665 4734
4917 2297
2353 417
2235 1068
2129 2750
3879 2235
848 2235
3462 3780
2700 500
3613 3879
3959 3824
2147 3959
1012 3613
3530 2638
3451 3613
1237 2147
1047 3872
2628 1012
4613 4685
3142 4613
3896 444
4371 4217
3785 2628
2202 4025
4967 2202
3958 3785
4536 3309
3577 4967
3993 4967
4302 3577
320 3958
3369 320
1585 3562
2709 4954
1578 2238
465 1585
4347 1059
682 1585
1868 2748
4945 4347
2106 4347
4802 3299
534 2106
4796 534
1196 3498
974 2106
3821 974
2286 4796
2660 974
4198 3821
789 2286
1259 3385
1463 2032
1515 4198
1972 1259
1007 1972
2159 1007
2546 4217
747 1515
2077 494
3486 1108
4400 2077
2117 747
3180 747
2570 3969
2242 3089
1053 327
4070 2117
2216 73
873 1890
310 4070
1883 544
2092 1883
3156 3695
3177 1884
585 310
2181 4162
2737 3483
2756 1114
4186 2737
4806 2181
4015 2756
2443 3990
3198 1558
3131 1147
4637 4516
2067 4637
1417 4637
4841 2067
2340 3575
1717 444
2156 1781
2801 2420
1634 3251
4274 3445
2650 4551
3381 188
3133 2801
4026 4094
3671 4274
4278 1755
1264 4026
566 185
686 1264
547 686
3379 4278
1474 792
2639 3684
1181 2377
309 1839
797 654
3763 1126
1135 797
3412 373
3859 1135
1818 3859
2083 4471
2960 89
1756 2845
4952 2960
634 2083
3910 1756
2444 4952
278 2444
84 2078
3830 3483
3324 278
4913 3989
4483 1845
2922 4483
1389 429
1932 1389
3185 1932
814 3443
2197 1389
643 2197
699 2198
4926 3159
2812 3199
1677 4677
3190 3115
2889 699
328 2812
2311 1188
1285 2532
3053 1285
3852 1399
2913 3053
522 2913
2730 1285
337 3852
2337 3852
1262 2337
4097 1262
1659 4097
1819 2888
4895 2337
3796 4895
2453 986
2389 4895
4279 2071
4748 2453
1046 4748
