20
1
40
25
34 18 6 10 26 14 3 9 20 5 12 1 13 7 32 25 31 11 27 36 33 21 28 15 30 
25
1 19 27 4 32 11 13 28 5 12 10 29 36 37 31 2 33 34 14 24 35 23 6 17 21 
25
32 23 19 20 36 21 38 18 34 37 16 4 7 12 14 2 13 10 3 27 22 28 8 9 5 
25
37 12 38 35 20 27 23 24 34 32 29 26 13 8 31 9 22 30 4 36 15 6 1 11 5 
25
2 8 35 34 26 1 24 36 37 15 28 6 18 17 29 39 32 12 22 14 31 25 7 23 30 
25
3 16 1 21 26 15 19 35 38 37 23 36 10 11 2 8 29 30 34 24 32 22 4 27 18 
25
14 20 1 28 18 17 10 16 21 35 36 5 19 33 13 8 39 3 26 22 2 38 23 9 6 
25
32 28 1 31 33 9 14 18 19 3 8 13 6 4 38 35 11 25 27 34 15 17 24 21 37 
25
30 23 16 7 5 22 36 15 33 4 3 26 21 27 28 11 20 34 37 19 6 25 2 8 32 
25
32 14 27 13 21 10 3 36 12 16 2 5 8 1 26 20 6 37 34 4 23 18 17 28 19 
25
12 28 25 14 4 15 30 22 21 7 11 1 5 17 10 34 26 37 31 36 32 27 39 38 35 
25
34 25 12 8 38 11 10 35 23 22 3 31 37 36 2 21 33 20 27 29 39 4 28 15 14 
25
26 4 16 24 10 8 3 9 17 14 39 18 23 34 15 21 31 38 28 35 30 33 7 11 19 
25
3 20 29 5 8 2 6 31 23 16 34 17 26 35 19 14 15 36 28 27 18 4 10 32 33 
25
15 7 20 9 35 23 2 14 16 33 39 26 25 6 31 37 5 36 12 34 17 3 38 27 24 
25
4 26 16 31 2 35 15 28 12 8 6 38 24 5 30 14 13 11 29 17 7 23 22 3 20 
25
32 18 12 34 35 30 3 11 24 25 22 29 7 33 31 1 20 36 28 13 15 8 10 39 19 
25
14 16 38 17 34 28 9 12 32 25 5 1 24 37 26 11 20 39 6 4 13 31 2 18 15 
25
6 29 36 1 26 2 3 9 34 11 37 20 10 18 21 17 19 8 27 32 39 33 35 7 22 
