20
1
40
25
39 20 10 33 36 5 16 31 12 25 8 13 11 6 2 4 1 9 24 3 15 32 14 27 37 
25
4 1 8 9 24 28 26 38 10 35 36 6 2 17 21 11 16 18 34 37 22 15 13 19 29 
25
39 14 27 36 16 1 15 12 2 24 33 37 32 18 20 23 28 19 7 3 38 17 4 22 10 
25
31 36 19 4 29 1 2 18 22 6 13 24 20 33 12 30 32 3 5 26 35 28 15 11 14 
25
35 11 22 24 29 36 19 18 10 4 9 8 38 30 6 1 20 14 27 32 3 23 12 17 28 
25
20 24 26 8 14 13 15 34 21 19 7 10 32 25 33 3 1 23 18 30 2 36 4 12 38 
25
20 21 39 24 9 15 22 37 27 16 29 33 34 30 31 2 11 28 18 23 5 14 35 36 8 
25
20 22 33 11 31 2 1 4 5 34 17 3 21 38 7 18 36 13 28 8 37 29 16 32 9 
25
30 7 22 33 29 19 15 31 27 16 12 36 37 3 17 5 38 6 21 23 14 34 18 20 10 
25
6 1 3 35 24 38 9 18 4 8 7 5 21 26 30 12 22 14 32 16 37 20 31 25 15 
25
27 14 32 18 38 9 4 8 26 24 21 17 31 28 23 22 20 10 35 36 7 12 30 37 16 
25
20 30 6 23 8 28 29 13 33 19 38 26 25 31 27 21 5 11 15 14 34 2 37 12 3 
25
14 15 1 24 5 30 6 23 17 32 11 10 8 39 33 3 9 16 19 4 38 13 12 22 27 
25
13 5 35 1 8 26 28 27 18 15 23 19 21 38 9 3 17 34 20 22 14 12 7 37 16 
25
19 31 4 35 7 9 33 30 36 5 27 29 13 2 34 12 39 15 3 22 11 14 38 37 32 
25
33 28 2 27 12 30 21 15 25 3 7 19 38 29 13 24 36 31 20 14 34 23 39 18 5 
25
14 35 19 34 5 31 33 32 17 1 38 10 21 6 20 36 16 11 9 18 25 23 29 39 8 
25
28 38 31 39 11 19 23 18 16 29 14 20 24 25 21 7 4 15 3 35 5 30 12 33 8 
25
1 16 36 19 32 4 21 2 12 18 39 38 5 31 26 37 25 33 29 20 22 8 28 15 14 
