20
1
40
25
24 6 20 31 26 29 33 19 3 10 38 27 11 16 36 9 2 35 17 34 12 8 21 15 4 
25
9 13 29 28 23 36 3 8 35 14 2 10 11 18 12 27 33 25 34 31 4 22 38 17 6 
25
14 30 36 29 7 4 9 8 12 21 1 13 15 28 18 38 16 5 37 22 17 39 32 33 20 
25
18 5 25 19 39 13 37 11 7 26 21 23 22 29 8 17 20 10 3 38 35 16 12 32 27 
25
27 13 3 16 5 15 6 28 32 36 21 37 24 8 19 10 29 22 18 39 4 23 35 17 7 
25
38 13 25 35 34 19 32 21 33 39 20 5 30 17 3 29 37 6 36 14 8 23 11 7 31 
25
33 26 31 36 21 39 10 17 14 11 6 3 28 16 12 27 18 30 38 22 15 20 8 13 1 
25
32 1 4 17 19 3 20 7 30 24 6 34 12 36 27 21 16 25 29 37 28 33 11 15 8 
25
1 17 24 21 11 8 22 37 16 25 27 33 35 18 15 9 10 6 20 3 30 31 38 26 4 
25
36 21 37 24 27 9 1 2 13 32 25 5 11 15 8 4 30 22 17 16 26 29 31 28 34 
25
13 11 14 4 31 10 27 35 7 38 26 1 25 39 34 32 36 19 22 21 17 3 23 16 8 
25
37 35 7 10 32 39 36 27 11 14 1 2 29 31 3 38 28 33 20 13 30 26 16 18 17 
25
26 8 32 28 5 2 3 39 1 15 24 37 36 6 4 30 18 11 10 35 22 23 20 31 21 
25
1 10 7 24 20 14 35 33 9 22 36 23 25 6 12 11 30 28 8 37 27 26 34 16 29 
25
8 3 39 10 35 7 2 22 11 16 33 27 18 31 12 37 6 21 5 20 4 36 26 19 29 
25
13 38 16 29 28 10 30 32 20 1 8 2 9 18 34 11 4 33 21 35 27 17 39 25 14 
25
17 11 27 39 10 37 38 15 8 2 9 19 33 22 24 14 16 34 13 12 4 7 6 36 26 
25
25 7 37 2 5 30 12 33 35 18 26 29 10 8 3 1 28 21 4 23 15 9 39 27 19 
25
19 15 38 7 39 34 18 8 27 36 16 28 1 21 14 22 9 12 30 35 6 10 31 29 33 
