1000 20
1 2 83
1 3 28
1 4 92
1 5 87
1 6 69
1 7 38
1 8 20
1 9 31
1 10 99
1 11 87
1 12 77
1 13 72
1 14 27
1 15 80
1 16 19
1 17 84
1 18 9
1 19 87
1 20 80
1 21 20
1 22 6
1 23 7
1 24 94
1 25 92
1 26 60
1 27 28
1 28 67
1 29 50
1 30 47
1 31 63
1 32 79
1 33 30
1 34 90
1 35 22
1 36 68
1 37 10
1 38 11
1 39 87
1 40 93
1 41 10
1 42 73
1 43 21
1 44 81
1 45 52
1 46 100
1 47 99
1 48 35
1 49 60
1 50 37
1 51 14
1 52 31
1 53 42
1 54 20
1 55 24
1 56 33
1 57 31
1 58 51
1 59 51
1 60 32
1 61 50
1 62 13
1 63 62
1 64 79
1 65 54
1 66 83
1 67 46
1 68 16
1 69 93
1 70 85
1 71 8
1 72 2
1 73 9
1 74 80
1 75 34
1 76 60
1 77 80
1 78 84
1 79 94
1 80 91
1 81 21
1 82 7
1 83 22
1 84 62
1 85 78
1 86 97
1 87 47
1 88 60
1 89 100
1 90 49
1 91 91
1 92 49
1 93 62
1 94 52
1 95 79
1 96 67
1 97 34
1 98 24
1 99 82
1 100 79
1 101 8
1 102 41
1 103 32
1 104 17
1 105 21
1 106 66
1 107 28
1 108 52
1 109 49
1 110 22
1 111 42
1 112 21
1 113 28
1 114 15
1 115 35
1 116 58
1 117 12
1 118 81
1 119 17
1 120 11
1 121 29
1 122 8
1 123 11
1 124 42
1 125 11
1 126 89
1 127 9
1 128 97
1 129 64
1 130 42
1 131 75
1 132 72
1 133 83
1 134 6
1 135 40
1 136 3
1 137 23
1 138 67
1 139 54
1 140 24
1 141 40
1 142 47
1 143 44
1 144 68
1 145 62
1 146 78
1 147 77
1 148 25
1 149 58
1 150 93
1 151 87
1 152 39
1 153 100
1 154 49
1 155 32
1 156 63
1 157 37
1 158 40
1 159 59
1 160 100
1 161 34
1 162 33
1 163 23
1 164 16
1 165 90
1 166 14
1 167 18
1 168 65
1 169 33
1 170 23
1 171 88
1 172 72
1 173 69
1 174 31
1 175 91
1 176 82
1 177 9
1 178 67
1 179 58
1 180 18
1 181 60
1 182 96
1 183 8
1 184 11
1 185 44
1 186 40
1 187 73
1 188 32
1 189 31
1 190 83
1 191 32
1 192 64
1 193 15
1 194 6
1 195 79
1 196 57
1 197 20
1 198 48
1 199 73
1 200 4
1 201 70
1 202 60
1 203 27
1 204 91
1 205 90
1 206 18
1 207 24
1 208 50
1 209 36
1 210 34
1 211 68
1 212 47
1 213 29
1 214 75
1 215 10
1 216 73
1 217 66
1 218 34
1 219 4
1 220 97
1 221 17
1 222 87
1 223 60
1 224 83
1 225 93
1 226 39
1 227 91
1 228 64
1 229 38
1 230 63
1 231 67
1 232 60
1 233 22
1 234 45
1 235 50
1 236 64
1 237 14
1 238 25
1 239 13
1 240 50
1 241 58
1 242 32
1 243 48
1 244 87
1 245 7
1 246 57
1 247 11
1 248 24
1 249 43
1 250 66
1 251 20
1 252 59
1 253 53
1 254 80
1 255 93
1 256 97
1 257 70
1 258 84
1 259 12
1 260 7
1 261 46
1 262 78
1 263 18
1 264 20
1 265 74
1 266 67
1 267 83
1 268 88
1 269 92
1 270 47
1 271 37
1 272 1
1 273 79
1 274 36
1 275 87
1 276 37
1 277 93
1 278 49
1 279 60
1 280 87
1 281 15
1 282 80
1 283 45
1 284 19
1 285 11
1 286 89
1 287 15
1 288 32
1 289 72
1 290 26
1 291 90
1 292 70
1 293 55
1 294 8
1 295 89
1 296 28
1 297 74
1 298 23
1 299 15
1 300 17
300 301 69
301 302 3
302 303 18
303 304 47
304 305 39
305 306 56
306 307 83
307 308 83
308 309 5
309 310 95
310 311 69
311 312 71
312 313 74
313 314 65
314 315 89
315 316 36
316 317 5
317 318 55
318 319 67
319 320 77
320 321 80
321 322 56
322 323 46
323 324 86
324 325 63
325 326 86
326 327 65
327 328 89
328 329 8
329 330 32
330 331 5
331 332 76
332 333 34
333 334 74
334 335 75
335 336 24
336 337 82
337 338 57
338 339 58
339 340 38
340 341 51
341 342 78
342 343 8
343 344 76
344 345 94
345 346 48
346 347 11
347 348 99
348 349 2
349 350 77
350 351 75
351 352 33
352 353 85
353 354 72
354 355 70
355 356 47
356 357 57
357 358 34
358 359 35
359 360 16
360 361 65
361 362 92
362 363 91
363 364 51
364 365 17
365 366 65
366 367 26
367 368 50
368 369 74
369 370 84
370 371 87
371 372 76
372 373 61
373 374 46
374 375 4
375 376 7
376 377 45
377 378 14
378 379 5
379 380 46
380 381 43
381 382 31
382 383 30
383 384 27
384 385 2
385 386 99
386 387 73
387 388 10
388 389 85
389 390 60
390 391 25
391 392 1
392 393 3
393 394 67
394 395 3
395 396 19
396 397 84
397 398 29
398 399 69
399 400 57
400 401 64
401 402 7
402 403 84
403 404 76
404 405 53
405 406 87
406 407 82
407 408 97
408 409 53
409 410 86
410 411 95
411 412 95
412 413 68
413 414 76
414 415 21
415 416 21
416 417 27
417 418 45
418 419 30
419 420 63
420 421 4
421 422 6
422 423 63
423 424 58
424 425 73
425 426 66
426 427 77
427 428 8
428 429 46
429 430 97
430 431 16
431 432 9
432 433 3
433 434 99
434 435 84
435 436 7
436 437 86
437 438 66
438 439 56
439 440 38
440 441 3
441 442 2
442 443 84
443 444 71
444 445 77
445 446 56
446 447 91
447 448 55
448 449 100
449 450 73
450 451 17
451 452 56
452 453 30
453 454 32
454 455 13
455 456 54
456 457 97
457 458 41
458 459 61
459 460 94
460 461 37
461 462 76
462 463 2
463 464 92
464 465 27
465 466 85
466 467 98
467 468 12
468 469 2
469 470 53
470 471 1
471 472 57
472 473 54
473 474 36
474 475 79
475 476 83
476 477 91
477 478 21
478 479 37
479 480 90
480 481 93
481 482 54
482 483 97
483 484 23
484 485 85
485 486 10
486 487 76
487 488 33
488 489 2
489 490 89
490 491 26
491 492 39
492 493 64
493 494 79
494 495 30
495 496 90
496 497 15
497 498 79
498 499 53
499 500 17
500 501 32
501 502 5
502 503 25
503 504 37
504 505 40
505 506 3
506 507 19
507 508 82
508 509 23
509 510 8
510 511 72
511 512 16
512 513 13
513 514 68
514 515 90
515 516 49
516 517 29
517 518 17
518 519 81
519 520 31
520 521 5
521 522 58
522 523 21
523 524 21
524 525 88
525 526 2
526 527 62
527 528 2
528 529 80
529 530 67
530 531 18
531 532 63
532 533 23
533 534 42
534 535 100
535 536 15
536 537 96
537 538 70
538 539 96
539 540 19
540 541 77
541 542 67
542 543 86
543 544 89
544 545 87
545 546 75
546 547 37
547 548 67
548 549 43
549 550 69
550 551 49
551 552 48
552 553 78
553 554 69
554 555 20
555 556 65
556 557 22
557 558 33
558 559 67
559 560 2
560 561 99
561 562 36
562 563 64
563 564 22
564 565 30
565 566 63
566 567 36
567 568 25
568 569 33
569 570 83
570 571 43
571 572 61
572 573 2
573 574 28
574 575 50
575 576 88
576 577 54
577 578 38
578 579 6
579 580 97
580 581 7
581 582 55
582 583 96
583 584 84
584 585 75
585 586 67
586 587 1
587 588 97
588 589 99
589 590 67
590 591 50
591 592 50
592 593 2
593 594 13
594 595 71
595 596 83
596 597 28
597 598 58
598 599 8
599 600 12
492 601 2
467 602 93
268 603 73
481 604 35
187 605 38
336 606 69
428 607 78
453 608 18
256 609 4
21 610 43
602 611 15
114 612 76
460 613 14
235 614 7
387 615 65
523 616 14
255 617 41
476 618 48
468 619 38
201 620 76
187 621 65
51 622 70
110 623 99
210 624 86
199 625 57
580 626 76
334 627 23
608 628 51
340 629 9
525 630 10
265 631 26
589 632 43
358 633 33
249 634 79
325 635 24
611 636 49
364 637 1
147 638 81
50 639 10
340 640 6
218 641 49
46 642 89
169 643 84
156 644 58
488 645 99
54 646 20
634 647 46
64 648 42
150 649 4
42 650 52
377 651 30
305 652 66
78 653 23
613 654 81
320 655 16
176 656 1
529 657 19
256 658 87
142 659 84
210 660 97
255 661 67
372 662 10
508 663 30
602 664 42
162 665 27
225 666 12
328 667 97
168 668 85
431 669 76
418 670 54
193 671 3
31 672 7
241 673 48
427 674 74
435 675 42
247 676 65
672 677 90
28 678 20
315 679 29
144 680 56
375 681 57
144 682 62
542 683 97
136 684 24
472 685 64
373 686 66
246 687 84
543 688 91
139 689 18
431 690 65
11 691 38
7 692 18
51 693 8
173 694 49
294 695 1
297 696 43
586 697 24
208 698 63
444 699 54
289 700 43
169 701 67
208 702 87
658 703 32
419 704 84
145 705 92
324 706 11
565 707 30
380 708 59
705 709 69
502 710 24
240 711 16
43 712 79
47 713 74
498 714 62
279 715 30
614 716 96
69 717 63
13 718 98
285 719 58
700 720 99
381 721 34
40 722 82
571 723 42
261 724 51
294 725 51
224 726 31
362 727 44
239 728 8
181 729 53
10 730 43
485 731 24
338 732 83
91 733 71
430 734 37
170 735 65
247 736 81
126 737 48
703 738 12
629 739 53
602 740 51
736 741 88
480 742 25
113 743 46
360 744 47
342 745 53
581 746 84
577 747 79
623 748 67
213 749 50
673 750 29
516 751 89
65 752 64
165 753 22
26 754 29
472 755 41
701 756 33
360 757 16
548 758 10
751 759 42
556 760 10
754 761 48
210 762 22
358 763 11
38 764 79
348 765 42
279 766 78
241 767 19
688 768 23
756 769 19
148 770 69
339 771 34
569 772 38
709 773 11
260 774 9
296 775 6
45 776 45
754 777 63
730 778 83
380 779 6
344 780 37
460 781 71
367 782 34
741 783 58
657 784 80
117 785 6
489 786 87
561 787 2
458 788 91
644 789 75
643 790 63
163 791 21
264 792 38
31 793 77
749 794 60
297 795 85
419 796 34
579 797 14
235 798 44
162 799 22
578 800 100
79 801 23
432 802 22
278 803 14
542 804 35
425 805 63
67 806 21
283 807 56
96 808 17
196 809 81
339 810 66
345 811 77
391 812 20
550 813 17
15 814 61
810 815 37
780 816 69
712 817 98
756 818 35
745 819 53
256 820 51
35 821 18
247 822 97
517 823 32
485 824 57
785 825 94
124 826 29
500 827 25
182 828 59
653 829 62
382 830 31
311 831 31
787 832 10
724 833 92
274 834 91
730 835 65
111 836 11
831 837 16
701 838 7
217 839 24
364 840 63
497 841 89
815 842 86
409 843 43
539 844 5
481 845 16
417 846 7
538 847 37
163 848 26
528 849 11
340 850 76
278 851 8
834 852 62
639 853 96
726 854 22
552 855 83
571 856 36
131 857 79
348 858 35
282 859 18
370 860 78
273 861 78
297 862 30
606 863 51
14 864 46
21 865 70
38 866 40
334 867 10
738 868 52
193 869 21
313 870 76
245 871 61
183 872 77
815 873 37
451 874 12
166 875 1
39 876 90
70 877 24
584 878 44
572 879 26
75 880 39
315 881 65
30 882 24
226 883 31
738 884 82
843 885 4
168 886 57
168 887 73
694 888 7
597 889 43
310 890 18
265 891 11
468 892 25
862 893 77
344 894 60
114 895 60
213 896 49
60 897 27
694 898 49
1 899 3
802 900 11
607 901 39
883 902 22
211 903 51
637 904 23
29 905 50
87 906 40
882 907 98
678 908 93
343 909 83
458 910 80
862 911 1
647 912 65
232 913 52
867 914 88
676 915 94
821 916 12
589 917 17
746 918 47
22 919 65
18 920 64
86 921 13
656 922 25
629 923 18
785 924 89
496 925 73
668 926 93
398 927 48
905 928 5
611 929 73
612 930 56
269 931 42
579 932 3
455 933 5
544 934 30
259 935 22
213 936 87
255 937 48
412 938 49
647 939 80
736 940 65
525 941 56
223 942 30
1 943 66
378 944 53
562 945 77
409 946 8
107 947 28
429 948 81
48 949 11
876 950 52
834 951 54
378 952 70
797 953 49
259 954 66
704 955 54
527 956 36
294 957 38
297 958 64
895 959 98
840 960 45
15 961 25
614 962 45
916 963 14
37 964 35
624 965 86
861 966 59
479 967 76
526 968 40
396 969 46
245 970 55
822 971 38
783 972 13
311 973 7
673 974 82
675 975 44
853 976 83
612 977 29
678 978 71
268 979 3
283 980 69
548 981 43
336 982 78
86 983 8
407 984 93
201 985 73
824 986 56
868 987 41
43 988 89
728 989 96
70 990 56
819 991 47
657 992 59
75 993 16
496 994 73
564 995 38
386 996 9
120 997 20
362 998 49
1 999 55
968 1000 32
