200 74
138 156 4842
156 76 1223
76 181 5650
181 136 5093
136 140 3525
140 92 7237
140 44 6156
136 143 8835
143 198 7655
198 83 8960
83 107 1696
107 49 6315
49 18 7084
49 188 5768
188 20 9289
20 84 5770
83 29 4144
29 121 5381
121 71 3749
121 144 1299
144 185 4920
29 37 6936
37 146 3108
146 170 2871
170 105 8706
170 62 4870
62 42 9510
42 194 9347
194 8 4989
8 19 5508
19 81 4469
81 122 6182
194 186 6730
186 95 118
95 109 1274
186 164 6607
164 78 3706
78 46 3782
46 96 5441
96 6 7712
6 132 9093
132 182 7137
132 158 4026
96 199 6177
199 35 2904
35 190 9667
190 23 8298
23 10 7047
10 45 1399
23 64 2046
35 120 4697
120 69 6318
69 113 5334
113 39 7805
39 176 9188
176 126 391
39 12 2674
12 162 5050
113 116 6090
116 154 7663
154 22 6909
22 174 558
174 141 3844
141 34 9991
34 38 7028
22 173 1470
173 151 6597
173 16 7085
16 79 1603
79 73 2037
73 51 4797
51 77 695
16 36 5525
36 21 8822
21 103 6871
103 125 4781
103 5 4840
5 70 5169
70 172 8179
70 133 6239
133 59 3566
59 63 2876
59 67 2556
67 58 8899
67 193 680
133 7 8096
7 1 5642
1 57 9705
57 118 9497
118 110 1731
110 123 3719
1 178 6405
178 101 8640
101 14 3915
14 196 6395
196 124 5667
124 149 5384
149 134 2991
134 47 2752
47 2 3338
47 72 1380
196 145 3900
145 80 4032
80 102 3256
102 74 9073
80 111 7255
145 177 8036
177 167 3913
167 112 2423
112 197 6215
197 129 151
129 175 2340
175 192 9090
192 99 2706
99 33 1239
99 89 6121
192 100 7153
100 135 6880
135 53 5825
100 43 6649
43 147 4962
147 191 9544
191 139 9406
191 82 3601
82 183 9810
183 31 2152
183 86 9268
147 148 5193
175 180 1495
129 52 8371
52 65 4882
65 106 9226
106 48 2270
52 90 8913
197 94 2481
94 3 1342
112 161 6167
161 15 517
161 163 5254
167 150 4941
150 157 3083
157 40 1756
157 108 7281
150 50 8524
177 32 814
32 128 4871
128 119 996
14 159 7966
159 56 8102
56 87 6820
87 4 967
101 66 9415
66 24 2715
24 17 6724
17 166 3015
24 55 2524
21 11 8875
36 165 8634
165 171 4068
171 117 369
154 91 3356
91 152 8949
91 179 9594
116 114 5625
114 153 4214
153 168 8427
168 104 3319
153 30 6732
114 41 5295
69 200 4924
200 68 1673
68 13 8377
13 27 6680
68 184 5305
184 75 3252
46 115 7493
115 195 6527
195 26 4247
115 85 1810
164 142 980
142 189 7418
42 88 9128
62 60 394
146 54 6485
54 130 5851
130 98 9760
98 127 5360
127 187 4726
198 9 4746
9 169 9428
169 155 1446
155 131 8101
169 25 4728
25 137 7392
156 93 78
93 28 5293
28 160 5818
138 97 9748
97 61 2025
