200 93
149 120 6263
149 114 7755
114 30 3762
114 64 4442
64 73 2629
73 89 1679
89 106 6202
64 123 129
123 35 584
35 100 3614
100 96 5723
96 18 7272
96 97 2808
97 169 708
169 31 3507
31 52 5146
100 72 6450
72 196 1631
196 20 8202
20 109 9300
109 140 3303
20 42 1161
42 135 3081
42 101 2243
101 163 5799
163 98 2061
98 83 8337
83 188 678
188 32 7835
32 160 7327
160 61 115
61 148 449
32 92 5082
92 59 3876
59 56 4890
56 115 4062
56 17 1906
17 55 1091
55 161 543
161 108 2490
59 15 1056
15 10 2617
15 13 6113
13 157 3864
157 3 3324
3 145 9619
145 198 9009
3 174 9774
174 77 7602
77 184 3562
184 104 9073
104 76 904
76 180 1075
180 21 8506
76 26 9498
26 50 3225
50 65 566
65 121 4187
50 39 3902
39 185 4752
185 86 1513
86 37 4016
185 27 5200
27 171 2946
171 36 4243
36 46 89
46 134 3360
36 84 6149
84 192 7531
192 71 3902
84 90 4990
90 117 8587
117 128 6518
128 136 1102
136 193 8802
193 147 9841
193 91 7073
91 81 4162
81 167 5966
128 173 4674
173 5 7723
5 94 1391
94 54 1929
173 200 5149
200 118 6248
118 186 1427
186 47 8373
47 139 6813
139 153 1965
153 199 8627
199 93 7917
93 48 3477
199 165 8994
139 16 3116
16 126 2775
16 181 3237
181 194 9557
194 53 6134
53 58 5737
58 172 7087
58 23 6387
23 151 7078
53 154 2025
154 152 9256
152 122 4531
122 187 7178
122 69 5448
69 129 1603
129 40 1339
40 179 7766
179 8 6276
129 190 5414
190 155 9156
155 44 4557
44 11 562
11 177 5403
177 14 2335
177 57 5287
57 111 8567
155 195 4299
195 103 3913
195 105 2835
105 137 4127
105 132 2906
132 22 5951
22 24 6901
132 168 2494
168 119 1859
69 60 9386
154 25 4582
25 87 5297
87 2 2124
25 150 1659
194 51 7322
51 164 1379
164 38 2542
47 74 4499
74 189 6827
189 6 4144
189 141 2190
141 159 4592
141 78 6772
200 88 7603
90 176 99
176 19 1328
19 182 4516
19 34 1853
34 112 14
171 9 9802
39 80 6771
104 75 4312
75 85 66
184 131 9606
131 158 4790
77 49 9324
49 166 1908
166 63 1691
166 127 1817
49 4 3766
4 102 7428
174 138 2751
138 144 9062
157 7 9552
7 62 761
13 12 2735
12 162 7282
162 175 3302
12 156 3586
156 178 460
92 29 3798
29 191 5775
191 133 1403
191 142 569
29 130 3377
130 110 7853
188 125 8248
125 113 4244
113 183 6057
183 107 8261
83 170 4046
170 67 2828
98 95 8924
95 43 4111
163 45 8785
45 116 3713
116 41 3434
101 146 692
146 66 1755
196 143 1603
143 68 809
143 1 9183
1 79 4353
72 33 6222
33 124 5086
124 70 1465
35 28 5309
28 99 8719
123 82 4767
82 197 8894
