50 7
29 16 987
29 22 4956
22 19 643
22 47 4116
47 40 4298
40 6 2424
6 8 6027
8 49 2740
49 21 4577
49 48 5102
8 17 6027
17 43 1584
43 50 2078
50 24 4957
50 42 2741
42 44 1609
44 34 2082
42 45 9151
45 18 428
18 3 8102
3 33 996
33 41 5301
3 4 6429
4 1 8663
1 26 3393
1 12 3712
12 9 9396
9 5 1951
5 46 6186
46 35 3778
35 15 3714
15 37 3525
12 38 8733
38 25 708
4 23 7640
23 27 3030
23 11 9483
45 7 18
7 30 2122
30 14 4059
17 2 5119
2 20 8148
2 32 1994
6 10 3548
10 28 9457
28 31 1086
40 13 5156
13 36 1538
13 39 237
