20
1
16
13
15 9 2 12 11 7 13 14 10 4 1 5 3 
13
9 18 8 2 12 14 3 10 15 11 1 7 6 
13
8 2 13 4 9 6 5 12 1 15 11 10 3 
13
8 3 2 7 1 9 11 12 5 13 6 14 10 
13
6 4 11 10 5 7 13 9 8 2 15 14 3 
13
3 10 11 15 12 4 14 7 5 2 9 6 8 
13
10 1 11 8 3 9 15 2 5 7 12 4 6 
13
1 3 7 10 11 5 2 6 4 14 12 15 8 
13
5 10 14 4 10 9 12 15 3 8 6 2 7 
13
4 8 11 3 8 14 4 10 2 7 5 12 13 
13
7 14 9 8 15 1 4 3 2 5 6 10 14 
13
3 12 5 15 14 4 9 10 1 2 8 11 13 
13
10 6 2 8 11 4 13 5 12 3 15 9 1 
13
11 1 14 12 13 5 8 10 4 3 7 2 6 
13
9 7 6 2 12 5 3 4 15 14 1 10 13 
13
3 6 9 10 3 4 11 2 1 12 13 6 14 
13
8 1 14 2 4 7 9 5 12 13 3 10 15 
13
7 14 14 9 8 10 3 2 11 7 13 12 15 
13
3 1 7 6 9 8 14 4 2 10 5 13 11 
