20
1
16
13
11 22 6 7 14 10 9 4 5 3 2 15 11 
13
1 9 6 8 11 2 7 15 3 12 4 13 14 
13
10 20 12 1 11 10 15 8 7 5 4 3 2 
13
5 14 8 15 10 1 7 9 13 3 12 4 6 
13
5 11 1 8 9 7 14 12 3 2 10 13 15 
13
7 14 12 15 4 7 2 6 8 13 10 14 5 
13
8 13 6 4 1 3 12 14 10 11 15 9 5 
13
10 20 5 1 7 9 3 2 12 14 15 10 11 
13
13 1 2 15 12 6 10 4 8 3 9 14 7 
13
9 18 7 13 6 5 8 4 11 2 14 3 1 
13
10 5 1 13 7 12 3 14 15 9 2 8 11 
13
11 22 6 11 14 4 9 2 5 8 12 15 3 
13
8 16 9 15 2 10 3 13 8 14 7 6 1 
13
7 14 8 15 14 13 12 5 10 2 1 4 3 
13
9 10 7 8 3 5 14 4 13 11 1 12 2 
13
9 18 14 11 15 7 2 4 5 12 9 6 8 
13
2 3 6 7 14 8 9 1 4 10 15 13 12 
13
11 22 15 12 1 8 2 9 5 6 11 4 3 
13
3 6 3 6 14 4 1 7 12 8 11 15 2 
