20
1
16
13
11 22 10 1 13 15 2 12 4 5 3 9 6 
13
10 11 14 2 3 4 8 5 7 6 13 1 12 
13
4 8 13 15 2 10 14 3 5 4 1 7 12 
13
4 9 12 2 11 1 5 6 10 14 15 7 13 
13
12 8 9 13 14 1 7 2 4 15 5 3 10 
13
8 12 15 7 14 11 3 2 10 13 5 1 9 
13
4 8 10 12 14 11 1 6 13 15 2 9 5 
13
10 3 12 9 14 8 5 15 11 4 7 13 1 
13
5 10 15 11 7 4 5 10 6 3 9 8 2 
13
5 10 1 14 8 2 13 15 5 12 7 9 10 
13
10 20 13 12 14 15 10 7 6 9 3 1 5 
13
7 12 9 2 4 8 15 5 14 10 6 3 11 
13
3 6 12 13 6 5 10 3 9 1 14 2 4 
13
2 4 12 4 10 6 11 1 7 3 9 15 8 
13
15 2 5 12 8 4 10 14 3 1 6 13 9 
13
11 22 5 4 10 9 6 13 14 7 2 8 3 
13
9 18 7 9 10 13 1 2 5 11 15 4 8 
13
9 18 10 7 9 5 12 14 4 2 11 15 3 
13
8 16 8 10 1 12 14 9 6 5 4 2 11 
