20
1
25000
100
25000 24999 24998 24997 24996 24995 24994 24993 24992 24991 24990 24989 24988 24987 24986 24985 24984 24983 24982 24981 24980 24979 24978 24977 24976 24975 24974 24973 24972 24971 24970 24969 24968 24967 24966 24965 24964 24963 24962 24961 24960 24959 24958 24957 24956 24955 24954 24953 24952 24951 24950 24949 24948 24947 24946 24945 24944 24943 24942 24941 24940 24939 24938 24937 24936 24935 24934 24933 24932 24931 24930 24929 24928 24927 24926 24925 24924 24923 24922 24921 24920 24919 24918 24917 24916 24915 24914 24913 24912 24911 24910 24909 24908 24907 24906 24905 24904 24903 24902 16920
100
25000 24999 24998 24997 24996 24995 24994 24993 24992 24991 24990 24989 24988 24987 24986 24985 24984 24983 24982 24981 24980 24979 24978 24977 24976 24975 24974 24973 24972 24971 24970 24969 24968 24967 24966 24965 24964 24963 24962 24961 24960 24959 24958 24957 24956 24955 24954 24953 24952 24951 24950 24949 24948 24947 24946 24945 24944 24943 24942 24941 24940 24939 24938 24937 24936 24935 24934 24933 24932 24931 24930 24929 24928 24927 24926 24925 24924 24923 24922 24921 24920 24919 24918 24917 24916 24915 24914 24913 24912 24911 24910 24909 24908 24907 24906 24905 24904 24903 24902 16203
100
25000 24999 24998 24997 24996 24995 24994 24993 24992 24991 24990 24989 24988 24987 24986 24985 24984 24983 24982 24981 24980 24979 24978 24977 24976 24975 24974 24973 24972 24971 24970 24969 24968 24967 24966 24965 24964 24963 24962 24961 24960 24959 24958 24957 24956 24955 24954 24953 24952 24951 24950 24949 24948 24947 24946 24945 24944 24943 24942 24941 24940 24939 24938 24937 24936 24935 24934 24933 24932 24931 24930 24929 24928 24927 24926 24925 24924 24923 24922 24921 24920 24919 24918 24917 24916 24915 24914 24913 24912 24911 24910 24909 24908 24907 24906 24905 24904 24903 24902 15202
100
25000 24999 24998 24997 24996 24995 24994 24993 24992 24991 24990 24989 24988 24987 24986 24985 24984 24983 24982 24981 24980 24979 24978 24977 24976 24975 24974 24973 24972 24971 24970 24969 24968 24967 24966 24965 24964 24963 24962 24961 24960 24959 24958 24957 24956 24955 24954 24953 24952 24951 24950 24949 24948 24947 24946 24945 24944 24943 24942 24941 24940 24939 24938 24937 24936 24935 24934 24933 24932 24931 24930 24929 24928 24927 24926 24925 24924 24923 24922 24921 24920 24919 24918 24917 24916 24915 24914 24913 24912 24911 24910 24909 24908 24907 24906 24905 24904 24903 24902 10241
100
25000 24999 24998 24997 24996 24995 24994 24993 24992 24991 24990 24989 24988 24987 24986 24985 24984 24983 24982 24981 24980 24979 24978 24977 24976 24975 24974 24973 24972 24971 24970 24969 24968 24967 24966 24965 24964 24963 24962 24961 24960 24959 24958 24957 24956 24955 24954 24953 24952 24951 24950 24949 24948 24947 24946 24945 24944 24943 24942 24941 24940 24939 24938 24937 24936 24935 24934 24933 24932 24931 24930 24929 24928 24927 24926 24925 24924 24923 24922 24921 24920 24919 24918 24917 24916 24915 24914 24913 24912 24911 24910 24909 24908 24907 24906 24905 24904 24903 24902 13983
100
25000 24999 24998 24997 24996 24995 24994 24993 24992 24991 24990 24989 24988 24987 24986 24985 24984 24983 24982 24981 24980 24979 24978 24977 24976 24975 24974 24973 24972 24971 24970 24969 24968 24967 24966 24965 24964 24963 24962 24961 24960 24959 24958 24957 24956 24955 24954 24953 24952 24951 24950 24949 24948 24947 24946 24945 24944 24943 24942 24941 24940 24939 24938 24937 24936 24935 24934 24933 24932 24931 24930 24929 24928 24927 24926 24925 24924 24923 24922 24921 24920 24919 24918 24917 24916 24915 24914 24913 24912 24911 24910 24909 24908 24907 24906 24905 24904 24903 24902 18226
100
25000 24999 24998 24997 24996 24995 24994 24993 24992 24991 24990 24989 24988 24987 24986 24985 24984 24983 24982 24981 24980 24979 24978 24977 24976 24975 24974 24973 24972 24971 24970 24969 24968 24967 24966 24965 24964 24963 24962 24961 24960 24959 24958 24957 24956 24955 24954 24953 24952 24951 24950 24949 24948 24947 24946 24945 24944 24943 24942 24941 24940 24939 24938 24937 24936 24935 24934 24933 24932 24931 24930 24929 24928 24927 24926 24925 24924 24923 24922 24921 24920 24919 24918 24917 24916 24915 24914 24913 24912 24911 24910 24909 24908 24907 24906 24905 24904 24903 24902 16278
100
25000 24999 24998 24997 24996 24995 24994 24993 24992 24991 24990 24989 24988 24987 24986 24985 24984 24983 24982 24981 24980 24979 24978 24977 24976 24975 24974 24973 24972 24971 24970 24969 24968 24967 24966 24965 24964 24963 24962 24961 24960 24959 24958 24957 24956 24955 24954 24953 24952 24951 24950 24949 24948 24947 24946 24945 24944 24943 24942 24941 24940 24939 24938 24937 24936 24935 24934 24933 24932 24931 24930 24929 24928 24927 24926 24925 24924 24923 24922 24921 24920 24919 24918 24917 24916 24915 24914 24913 24912 24911 24910 24909 24908 24907 24906 24905 24904 24903 24902 14903
100
25000 24999 24998 24997 24996 24995 24994 24993 24992 24991 24990 24989 24988 24987 24986 24985 24984 24983 24982 24981 24980 24979 24978 24977 24976 24975 24974 24973 24972 24971 24970 24969 24968 24967 24966 24965 24964 24963 24962 24961 24960 24959 24958 24957 24956 24955 24954 24953 24952 24951 24950 24949 24948 24947 24946 24945 24944 24943 24942 24941 24940 24939 24938 24937 24936 24935 24934 24933 24932 24931 24930 24929 24928 24927 24926 24925 24924 24923 24922 24921 24920 24919 24918 24917 24916 24915 24914 24913 24912 24911 24910 24909 24908 24907 24906 24905 24904 24903 24902 11774
100
25000 24999 24998 24997 24996 24995 24994 24993 24992 24991 24990 24989 24988 24987 24986 24985 24984 24983 24982 24981 24980 24979 24978 24977 24976 24975 24974 24973 24972 24971 24970 24969 24968 24967 24966 24965 24964 24963 24962 24961 24960 24959 24958 24957 24956 24955 24954 24953 24952 24951 24950 24949 24948 24947 24946 24945 24944 24943 24942 24941 24940 24939 24938 24937 24936 24935 24934 24933 24932 24931 24930 24929 24928 24927 24926 24925 24924 24923 24922 24921 24920 24919 24918 24917 24916 24915 24914 24913 24912 24911 24910 24909 24908 24907 24906 24905 24904 24903 24902 17551
100
25000 24999 24998 24997 24996 24995 24994 24993 24992 24991 24990 24989 24988 24987 24986 24985 24984 24983 24982 24981 24980 24979 24978 24977 24976 24975 24974 24973 24972 24971 24970 24969 24968 24967 24966 24965 24964 24963 24962 24961 24960 24959 24958 24957 24956 24955 24954 24953 24952 24951 24950 24949 24948 24947 24946 24945 24944 24943 24942 24941 24940 24939 24938 24937 24936 24935 24934 24933 24932 24931 24930 24929 24928 24927 24926 24925 24924 24923 24922 24921 24920 24919 24918 24917 24916 24915 24914 24913 24912 24911 24910 24909 24908 24907 24906 24905 24904 24903 24902 19632
100
25000 24999 24998 24997 24996 24995 24994 24993 24992 24991 24990 24989 24988 24987 24986 24985 24984 24983 24982 24981 24980 24979 24978 24977 24976 24975 24974 24973 24972 24971 24970 24969 24968 24967 24966 24965 24964 24963 24962 24961 24960 24959 24958 24957 24956 24955 24954 24953 24952 24951 24950 24949 24948 24947 24946 24945 24944 24943 24942 24941 24940 24939 24938 24937 24936 24935 24934 24933 24932 24931 24930 24929 24928 24927 24926 24925 24924 24923 24922 24921 24920 24919 24918 24917 24916 24915 24914 24913 24912 24911 24910 24909 24908 24907 24906 24905 24904 24903 24902 13656
100
25000 24999 24998 24997 24996 24995 24994 24993 24992 24991 24990 24989 24988 24987 24986 24985 24984 24983 24982 24981 24980 24979 24978 24977 24976 24975 24974 24973 24972 24971 24970 24969 24968 24967 24966 24965 24964 24963 24962 24961 24960 24959 24958 24957 24956 24955 24954 24953 24952 24951 24950 24949 24948 24947 24946 24945 24944 24943 24942 24941 24940 24939 24938 24937 24936 24935 24934 24933 24932 24931 24930 24929 24928 24927 24926 24925 24924 24923 24922 24921 24920 24919 24918 24917 24916 24915 24914 24913 24912 24911 24910 24909 24908 24907 24906 24905 24904 24903 24902 14729
100
25000 24999 24998 24997 24996 24995 24994 24993 24992 24991 24990 24989 24988 24987 24986 24985 24984 24983 24982 24981 24980 24979 24978 24977 24976 24975 24974 24973 24972 24971 24970 24969 24968 24967 24966 24965 24964 24963 24962 24961 24960 24959 24958 24957 24956 24955 24954 24953 24952 24951 24950 24949 24948 24947 24946 24945 24944 24943 24942 24941 24940 24939 24938 24937 24936 24935 24934 24933 24932 24931 24930 24929 24928 24927 24926 24925 24924 24923 24922 24921 24920 24919 24918 24917 24916 24915 24914 24913 24912 24911 24910 24909 24908 24907 24906 24905 24904 24903 24902 18046
100
25000 24999 24998 24997 24996 24995 24994 24993 24992 24991 24990 24989 24988 24987 24986 24985 24984 24983 24982 24981 24980 24979 24978 24977 24976 24975 24974 24973 24972 24971 24970 24969 24968 24967 24966 24965 24964 24963 24962 24961 24960 24959 24958 24957 24956 24955 24954 24953 24952 24951 24950 24949 24948 24947 24946 24945 24944 24943 24942 24941 24940 24939 24938 24937 24936 24935 24934 24933 24932 24931 24930 24929 24928 24927 24926 24925 24924 24923 24922 24921 24920 24919 24918 24917 24916 24915 24914 24913 24912 24911 24910 24909 24908 24907 24906 24905 24904 24903 24902 12533
100
25000 24999 24998 24997 24996 24995 24994 24993 24992 24991 24990 24989 24988 24987 24986 24985 24984 24983 24982 24981 24980 24979 24978 24977 24976 24975 24974 24973 24972 24971 24970 24969 24968 24967 24966 24965 24964 24963 24962 24961 24960 24959 24958 24957 24956 24955 24954 24953 24952 24951 24950 24949 24948 24947 24946 24945 24944 24943 24942 24941 24940 24939 24938 24937 24936 24935 24934 24933 24932 24931 24930 24929 24928 24927 24926 24925 24924 24923 24922 24921 24920 24919 24918 24917 24916 24915 24914 24913 24912 24911 24910 24909 24908 24907 24906 24905 24904 24903 24902 17322
100
25000 24999 24998 24997 24996 24995 24994 24993 24992 24991 24990 24989 24988 24987 24986 24985 24984 24983 24982 24981 24980 24979 24978 24977 24976 24975 24974 24973 24972 24971 24970 24969 24968 24967 24966 24965 24964 24963 24962 24961 24960 24959 24958 24957 24956 24955 24954 24953 24952 24951 24950 24949 24948 24947 24946 24945 24944 24943 24942 24941 24940 24939 24938 24937 24936 24935 24934 24933 24932 24931 24930 24929 24928 24927 24926 24925 24924 24923 24922 24921 24920 24919 24918 24917 24916 24915 24914 24913 24912 24911 24910 24909 24908 24907 24906 24905 24904 24903 24902 11839
100
25000 24999 24998 24997 24996 24995 24994 24993 24992 24991 24990 24989 24988 24987 24986 24985 24984 24983 24982 24981 24980 24979 24978 24977 24976 24975 24974 24973 24972 24971 24970 24969 24968 24967 24966 24965 24964 24963 24962 24961 24960 24959 24958 24957 24956 24955 24954 24953 24952 24951 24950 24949 24948 24947 24946 24945 24944 24943 24942 24941 24940 24939 24938 24937 24936 24935 24934 24933 24932 24931 24930 24929 24928 24927 24926 24925 24924 24923 24922 24921 24920 24919 24918 24917 24916 24915 24914 24913 24912 24911 24910 24909 24908 24907 24906 24905 24904 24903 24902 16140
100
270 271 272 273 274 275 276 277 278 279 280 281 282 283 284 285 286 287 288 289 290 291 292 293 294 295 296 297 298 299 300 301 302 303 304 305 306 307 308 309 310 311 312 313 314 315 316 317 318 319 320 321 322 323 324 325 326 327 328 329 330 331 332 333 334 335 336 337 338 339 340 341 342 343 344 345 346 347 348 349 350 351 352 353 354 355 356 357 358 359 360 9907 7795 7634 23385 24620 4553 1564 4714 6985 
